Datetime,open,high,low,close,volume
2021-06-14 09:15:00+05:30,47.29999923706055,48.20000076293945,47.29999923706055,48.20000076293945,0
2021-06-14 09:16:00+05:30,48.20000076293945,48.599998474121094,48.20000076293945,48.599998474121094,1217
2021-06-14 09:17:00+05:30,48.79999923706055,48.900001525878906,48.79999923706055,48.900001525878906,1169
2021-06-14 09:19:00+05:30,48.849998474121094,48.849998474121094,48.849998474121094,48.849998474121094,926
2021-06-14 09:20:00+05:30,48.099998474121094,48.099998474121094,48.099998474121094,48.099998474121094,519
2021-06-14 09:21:00+05:30,48.75,48.75,48.75,48.75,0
2021-06-14 09:22:00+05:30,48.150001525878906,48.150001525878906,48.0,48.0,669
2021-06-14 09:23:00+05:30,48.0,48.0,48.0,48.0,717
2021-06-14 09:24:00+05:30,48.349998474121094,48.400001525878906,48.349998474121094,48.400001525878906,1308
2021-06-14 09:25:00+05:30,47.5,47.5,47.5,47.5,207
2021-06-14 09:28:00+05:30,47.349998474121094,47.349998474121094,47.349998474121094,47.349998474121094,295
2021-06-14 09:29:00+05:30,47.25,47.25,47.25,47.25,134
2021-06-14 09:30:00+05:30,47.45000076293945,47.45000076293945,47.45000076293945,47.45000076293945,16
2021-06-14 09:33:00+05:30,47.29999923706055,47.29999923706055,47.099998474121094,47.099998474121094,2428
2021-06-14 09:34:00+05:30,46.70000076293945,46.70000076293945,46.54999923706055,46.650001525878906,953
2021-06-14 09:35:00+05:30,46.70000076293945,46.95000076293945,46.70000076293945,46.79999923706055,1004
2021-06-14 09:36:00+05:30,46.75,46.75,46.75,46.75,2
2021-06-14 09:37:00+05:30,46.75,46.75,46.75,46.75,2
2021-06-14 09:38:00+05:30,46.79999923706055,46.95000076293945,46.79999923706055,46.79999923706055,275
2021-06-14 09:39:00+05:30,46.900001525878906,47.099998474121094,46.900001525878906,47.099998474121094,610
2021-06-14 09:40:00+05:30,47.099998474121094,47.099998474121094,47.04999923706055,47.04999923706055,0
2021-06-14 09:41:00+05:30,47.099998474121094,47.099998474121094,47.099998474121094,47.099998474121094,216
2021-06-14 09:42:00+05:30,47.0,47.04999923706055,46.900001525878906,47.04999923706055,62
2021-06-14 09:43:00+05:30,46.900001525878906,46.900001525878906,46.900001525878906,46.900001525878906,121
2021-06-14 09:44:00+05:30,46.95000076293945,46.95000076293945,46.95000076293945,46.95000076293945,520
2021-06-14 09:45:00+05:30,47.0,47.0,47.0,47.0,88
2021-06-14 09:46:00+05:30,46.95000076293945,47.0,46.79999923706055,46.79999923706055,806
2021-06-14 09:47:00+05:30,47.0,47.0,46.900001525878906,46.900001525878906,102
2021-06-14 09:48:00+05:30,46.79999923706055,46.79999923706055,46.79999923706055,46.79999923706055,25
2021-06-14 09:49:00+05:30,46.95000076293945,46.95000076293945,46.95000076293945,46.95000076293945,0
2021-06-14 09:50:00+05:30,47.0,47.0,47.0,47.0,1659
2021-06-14 09:52:00+05:30,47.0,47.0,47.0,47.0,0
2021-06-14 09:53:00+05:30,47.099998474121094,47.099998474121094,47.099998474121094,47.099998474121094,90
2021-06-14 09:54:00+05:30,47.099998474121094,47.099998474121094,46.849998474121094,46.849998474121094,252
2021-06-14 09:55:00+05:30,46.849998474121094,46.849998474121094,46.79999923706055,46.79999923706055,255
2021-06-14 09:56:00+05:30,46.79999923706055,46.79999923706055,46.79999923706055,46.79999923706055,1
2021-06-14 09:58:00+05:30,46.849998474121094,46.849998474121094,46.849998474121094,46.849998474121094,1
2021-06-14 10:00:00+05:30,46.900001525878906,47.0,46.900001525878906,47.0,110
2021-06-14 10:01:00+05:30,47.099998474121094,47.099998474121094,47.099998474121094,47.099998474121094,0
2021-06-14 10:04:00+05:30,47.20000076293945,47.20000076293945,47.20000076293945,47.20000076293945,1
2021-06-14 10:06:00+05:30,47.099998474121094,47.099998474121094,46.900001525878906,47.099998474121094,334
2021-06-14 10:07:00+05:30,47.04999923706055,47.04999923706055,47.04999923706055,47.04999923706055,0
2021-06-14 10:12:00+05:30,47.0,47.0,46.95000076293945,47.0,278
2021-06-14 10:14:00+05:30,47.04999923706055,47.04999923706055,47.04999923706055,47.04999923706055,211
2021-06-14 10:16:00+05:30,47.150001525878906,47.150001525878906,47.04999923706055,47.150001525878906,449
2021-06-14 10:17:00+05:30,47.400001525878906,47.400001525878906,47.400001525878906,47.400001525878906,0
2021-06-14 10:20:00+05:30,47.45000076293945,47.45000076293945,47.45000076293945,47.45000076293945,7
2021-06-14 10:25:00+05:30,47.650001525878906,47.650001525878906,47.650001525878906,47.650001525878906,201
2021-06-14 10:26:00+05:30,47.45000076293945,47.45000076293945,47.45000076293945,47.45000076293945,3112
2021-06-14 10:27:00+05:30,47.400001525878906,47.45000076293945,47.099998474121094,47.45000076293945,0
2021-06-14 10:28:00+05:30,47.29999923706055,47.29999923706055,47.29999923706055,47.29999923706055,1
2021-06-14 10:29:00+05:30,47.29999923706055,47.29999923706055,47.29999923706055,47.29999923706055,1
2021-06-14 10:30:00+05:30,47.45000076293945,47.45000076293945,47.25,47.25,3
2021-06-14 10:32:00+05:30,47.150001525878906,47.150001525878906,47.150001525878906,47.150001525878906,276
2021-06-14 10:33:00+05:30,47.29999923706055,47.400001525878906,47.29999923706055,47.400001525878906,785
2021-06-14 10:34:00+05:30,47.349998474121094,47.349998474121094,47.349998474121094,47.349998474121094,1
2021-06-14 10:35:00+05:30,47.45000076293945,47.599998474121094,47.45000076293945,47.599998474121094,574
2021-06-14 10:36:00+05:30,47.45000076293945,47.45000076293945,47.45000076293945,47.45000076293945,8
2021-06-14 10:37:00+05:30,47.099998474121094,47.099998474121094,47.099998474121094,47.099998474121094,293
2021-06-14 10:38:00+05:30,47.29999923706055,47.29999923706055,47.29999923706055,47.29999923706055,671
2021-06-14 10:39:00+05:30,47.349998474121094,47.349998474121094,47.349998474121094,47.349998474121094,1
2021-06-14 10:40:00+05:30,47.400001525878906,47.400001525878906,47.400001525878906,47.400001525878906,2
2021-06-14 10:41:00+05:30,47.400001525878906,47.400001525878906,47.29999923706055,47.400001525878906,6
2021-06-14 10:42:00+05:30,47.349998474121094,47.5,47.349998474121094,47.5,5
2021-06-14 10:44:00+05:30,47.45000076293945,47.45000076293945,47.45000076293945,47.45000076293945,1
2021-06-14 10:46:00+05:30,47.45000076293945,47.45000076293945,47.45000076293945,47.45000076293945,61
2021-06-14 10:47:00+05:30,47.25,47.25,47.25,47.25,182
2021-06-14 10:49:00+05:30,47.400001525878906,47.400001525878906,47.400001525878906,47.400001525878906,0
2021-06-14 11:01:00+05:30,47.349998474121094,47.349998474121094,47.349998474121094,47.349998474121094,2
2021-06-14 11:04:00+05:30,47.150001525878906,47.349998474121094,47.150001525878906,47.29999923706055,179
2021-06-14 11:10:00+05:30,47.29999923706055,47.349998474121094,47.150001525878906,47.349998474121094,203
2021-06-14 11:17:00+05:30,47.20000076293945,47.20000076293945,47.20000076293945,47.20000076293945,21
2021-06-14 11:19:00+05:30,47.25,47.25,47.25,47.25,472
2021-06-14 11:20:00+05:30,47.349998474121094,47.349998474121094,47.349998474121094,47.349998474121094,118
2021-06-14 11:21:00+05:30,47.29999923706055,47.29999923706055,47.29999923706055,47.29999923706055,446
2021-06-14 11:22:00+05:30,47.29999923706055,47.29999923706055,47.29999923706055,47.29999923706055,0
2021-06-14 11:31:00+05:30,47.400001525878906,47.400001525878906,47.400001525878906,47.400001525878906,195
2021-06-14 11:39:00+05:30,47.349998474121094,47.349998474121094,47.349998474121094,47.349998474121094,51
2021-06-14 11:43:00+05:30,47.29999923706055,47.599998474121094,47.29999923706055,47.599998474121094,86
2021-06-14 11:44:00+05:30,47.54999923706055,47.54999923706055,47.54999923706055,47.54999923706055,0
2021-06-14 11:45:00+05:30,47.54999923706055,47.54999923706055,47.54999923706055,47.54999923706055,104
2021-06-14 11:55:00+05:30,47.70000076293945,47.70000076293945,47.70000076293945,47.70000076293945,169
2021-06-14 11:56:00+05:30,47.599998474121094,47.599998474121094,47.599998474121094,47.599998474121094,0
2021-06-14 11:57:00+05:30,47.45000076293945,47.45000076293945,47.45000076293945,47.45000076293945,5
2021-06-14 12:01:00+05:30,47.349998474121094,47.349998474121094,47.349998474121094,47.349998474121094,69
2021-06-14 12:02:00+05:30,47.349998474121094,47.349998474121094,47.349998474121094,47.349998474121094,0
2021-06-14 12:03:00+05:30,47.349998474121094,47.349998474121094,47.349998474121094,47.349998474121094,8
2021-06-14 12:04:00+05:30,47.5,47.5,47.5,47.5,23
2021-06-14 12:31:00+05:30,47.650001525878906,47.650001525878906,47.650001525878906,47.650001525878906,9
2021-06-14 12:38:00+05:30,47.650001525878906,47.650001525878906,47.650001525878906,47.650001525878906,50
2021-06-14 12:48:00+05:30,47.650001525878906,47.650001525878906,47.650001525878906,47.650001525878906,26
2021-06-14 12:49:00+05:30,47.75,47.75,47.75,47.75,182
2021-06-14 12:51:00+05:30,47.75,47.75,47.75,47.75,0
2021-06-14 12:55:00+05:30,47.599998474121094,47.599998474121094,47.599998474121094,47.599998474121094,46
2021-06-14 12:57:00+05:30,47.75,47.849998474121094,47.75,47.849998474121094,224
2021-06-14 12:58:00+05:30,48.0,48.0,48.0,48.0,425
2021-06-14 13:01:00+05:30,48.0,48.0,48.0,48.0,231
2021-06-14 13:05:00+05:30,48.0,48.0,48.0,48.0,0
2021-06-14 13:07:00+05:30,47.650001525878906,47.650001525878906,47.650001525878906,47.650001525878906,74
2021-06-14 13:15:00+05:30,47.650001525878906,47.650001525878906,47.650001525878906,47.650001525878906,92
2021-06-14 13:18:00+05:30,47.650001525878906,47.650001525878906,47.650001525878906,47.650001525878906,0
2021-06-14 13:20:00+05:30,47.599998474121094,47.599998474121094,47.599998474121094,47.599998474121094,16
2021-06-14 13:24:00+05:30,47.650001525878906,47.79999923706055,47.650001525878906,47.70000076293945,113
2021-06-14 13:34:00+05:30,48.150001525878906,48.150001525878906,48.150001525878906,48.150001525878906,1398
2021-06-14 13:36:00+05:30,48.20000076293945,48.20000076293945,48.20000076293945,48.20000076293945,162
2021-06-14 13:41:00+05:30,48.29999923706055,48.29999923706055,48.29999923706055,48.29999923706055,370
2021-06-14 13:42:00+05:30,48.400001525878906,48.400001525878906,48.400001525878906,48.400001525878906,0
2021-06-14 13:46:00+05:30,48.400001525878906,48.400001525878906,48.400001525878906,48.400001525878906,114
2021-06-14 13:47:00+05:30,48.400001525878906,48.400001525878906,48.400001525878906,48.400001525878906,120
2021-06-14 13:49:00+05:30,49.900001525878906,49.900001525878906,48.5,49.70000076293945,31456
2021-06-14 13:50:00+05:30,49.599998474121094,49.650001525878906,49.5,49.599998474121094,5216
2021-06-14 13:51:00+05:30,49.599998474121094,49.75,49.5,49.75,7105
2021-06-14 13:52:00+05:30,49.900001525878906,49.95000076293945,49.599998474121094,49.599998474121094,1853
2021-06-14 13:53:00+05:30,49.849998474121094,49.900001525878906,49.650001525878906,49.650001525878906,1340
2021-06-14 13:54:00+05:30,49.650001525878906,50.0,49.650001525878906,50.0,4511
2021-06-14 13:55:00+05:30,50.04999923706055,50.849998474121094,50.04999923706055,50.849998474121094,2260
2021-06-14 13:56:00+05:30,50.75,50.900001525878906,50.20000076293945,50.75,6034
2021-06-14 13:57:00+05:30,50.25,50.599998474121094,49.849998474121094,50.25,6956
2021-06-14 13:58:00+05:30,50.25,50.29999923706055,50.0,50.25,2928
2021-06-14 13:59:00+05:30,50.5,50.599998474121094,50.150001525878906,50.150001525878906,2519
2021-06-14 14:00:00+05:30,50.5,50.5,50.04999923706055,50.29999923706055,1275
2021-06-14 14:01:00+05:30,50.5,50.5,50.5,50.5,1498
2021-06-14 14:02:00+05:30,50.29999923706055,50.5,50.29999923706055,50.5,47
2021-06-14 14:03:00+05:30,50.29999923706055,50.5,50.29999923706055,50.29999923706055,1539
2021-06-14 14:04:00+05:30,50.45000076293945,50.45000076293945,50.29999923706055,50.29999923706055,1426
2021-06-14 14:05:00+05:30,50.29999923706055,50.29999923706055,50.29999923706055,50.29999923706055,480
2021-06-14 14:06:00+05:30,50.29999923706055,50.29999923706055,49.29999923706055,49.599998474121094,6747
2021-06-14 14:08:00+05:30,49.599998474121094,49.95000076293945,49.599998474121094,49.95000076293945,1652
2021-06-14 14:09:00+05:30,49.95000076293945,50.349998474121094,49.95000076293945,50.349998474121094,2531
2021-06-14 14:10:00+05:30,50.20000076293945,50.45000076293945,50.20000076293945,50.45000076293945,2985
2021-06-14 14:11:00+05:30,50.45000076293945,50.599998474121094,50.45000076293945,50.5,1367
2021-06-14 14:12:00+05:30,50.70000076293945,50.70000076293945,50.5,50.54999923706055,3642
2021-06-14 14:13:00+05:30,50.5,50.5,50.349998474121094,50.349998474121094,463
2021-06-14 14:14:00+05:30,50.349998474121094,50.349998474121094,50.150001525878906,50.150001525878906,1126
2021-06-14 14:15:00+05:30,50.349998474121094,50.349998474121094,50.150001525878906,50.150001525878906,0
2021-06-14 14:16:00+05:30,50.349998474121094,50.400001525878906,50.29999923706055,50.400001525878906,698
2021-06-14 14:18:00+05:30,50.20000076293945,50.20000076293945,50.150001525878906,50.150001525878906,335
2021-06-14 14:19:00+05:30,50.29999923706055,50.29999923706055,50.29999923706055,50.29999923706055,2428
2021-06-14 14:20:00+05:30,50.150001525878906,50.25,50.150001525878906,50.150001525878906,0
2021-06-14 14:21:00+05:30,50.150001525878906,50.150001525878906,50.150001525878906,50.150001525878906,55
2021-06-14 14:22:00+05:30,49.849998474121094,50.20000076293945,49.650001525878906,50.20000076293945,972
2021-06-14 14:23:00+05:30,50.150001525878906,50.150001525878906,49.849998474121094,49.95000076293945,446
2021-06-14 14:24:00+05:30,49.75,50.0,49.75,50.0,672
2021-06-14 14:25:00+05:30,50.0,50.0,50.0,50.0,262
2021-06-14 14:26:00+05:30,50.0,50.150001525878906,50.0,50.0,1664
2021-06-14 14:27:00+05:30,50.0,50.29999923706055,50.0,50.29999923706055,602
2021-06-14 14:28:00+05:30,50.25,50.400001525878906,50.150001525878906,50.150001525878906,1288
2021-06-14 14:29:00+05:30,50.0,50.04999923706055,50.0,50.04999923706055,968
2021-06-14 14:30:00+05:30,50.0,50.0,50.0,50.0,80
2021-06-14 14:31:00+05:30,50.099998474121094,50.099998474121094,50.099998474121094,50.099998474121094,1251
2021-06-14 14:32:00+05:30,50.400001525878906,50.400001525878906,50.400001525878906,50.400001525878906,2692
2021-06-14 14:33:00+05:30,50.400001525878906,50.400001525878906,50.400001525878906,50.400001525878906,131
2021-06-14 14:34:00+05:30,50.20000076293945,50.20000076293945,50.20000076293945,50.20000076293945,319
2021-06-14 14:35:00+05:30,50.29999923706055,50.349998474121094,50.29999923706055,50.349998474121094,1050
2021-06-14 14:36:00+05:30,50.349998474121094,50.349998474121094,50.349998474121094,50.349998474121094,0
2021-06-14 14:38:00+05:30,50.349998474121094,50.349998474121094,50.150001525878906,50.150001525878906,1188
2021-06-14 14:39:00+05:30,50.04999923706055,50.099998474121094,50.04999923706055,50.04999923706055,100
2021-06-14 14:40:00+05:30,50.0,50.0,49.75,49.75,1087
2021-06-14 14:41:00+05:30,49.95000076293945,49.95000076293945,49.95000076293945,49.95000076293945,162
2021-06-14 14:42:00+05:30,50.0,50.099998474121094,50.0,50.0,301
2021-06-14 14:43:00+05:30,50.099998474121094,50.099998474121094,50.099998474121094,50.099998474121094,159
2021-06-14 14:44:00+05:30,50.099998474121094,50.29999923706055,50.099998474121094,50.150001525878906,535
2021-06-14 14:45:00+05:30,50.150001525878906,50.349998474121094,50.150001525878906,50.349998474121094,1099
2021-06-14 14:46:00+05:30,50.349998474121094,50.349998474121094,50.349998474121094,50.349998474121094,0
2021-06-14 14:47:00+05:30,50.25,50.25,50.25,50.25,172
2021-06-14 14:49:00+05:30,50.25,50.45000076293945,50.25,50.29999923706055,1474
2021-06-14 14:50:00+05:30,50.25,50.25,50.25,50.25,987
2021-06-14 14:51:00+05:30,50.25,50.5,50.25,50.25,3176
2021-06-14 14:52:00+05:30,50.25,50.25,50.150001525878906,50.25,301
2021-06-14 14:53:00+05:30,50.29999923706055,50.5,50.29999923706055,50.349998474121094,16607
2021-06-14 14:54:00+05:30,51.0,51.0,50.79999923706055,50.79999923706055,1524
2021-06-14 14:55:00+05:30,50.849998474121094,50.849998474121094,50.849998474121094,50.849998474121094,0
2021-06-14 14:56:00+05:30,50.79999923706055,51.0,50.75,51.0,2004
2021-06-14 14:57:00+05:30,50.900001525878906,51.0,50.900001525878906,50.95000076293945,3280
2021-06-14 14:58:00+05:30,50.650001525878906,50.650001525878906,50.599998474121094,50.599998474121094,0
2021-06-14 14:59:00+05:30,50.599998474121094,50.599998474121094,50.599998474121094,50.599998474121094,338
2021-06-14 15:00:00+05:30,50.5,50.5,50.45000076293945,50.45000076293945,779
2021-06-14 15:01:00+05:30,50.400001525878906,50.70000076293945,50.400001525878906,50.45000076293945,922
2021-06-14 15:02:00+05:30,50.599998474121094,50.650001525878906,50.599998474121094,50.650001525878906,75
2021-06-14 15:04:00+05:30,50.25,50.29999923706055,50.25,50.29999923706055,406
2021-06-14 15:05:00+05:30,50.29999923706055,50.349998474121094,50.25,50.25,194
2021-06-14 15:06:00+05:30,50.20000076293945,50.349998474121094,50.099998474121094,50.099998474121094,686
2021-06-14 15:07:00+05:30,50.099998474121094,50.150001525878906,50.0,50.150001525878906,346
2021-06-14 15:08:00+05:30,50.04999923706055,50.20000076293945,50.04999923706055,50.20000076293945,297
2021-06-14 15:09:00+05:30,50.099998474121094,50.099998474121094,50.04999923706055,50.04999923706055,0
2021-06-14 15:10:00+05:30,50.04999923706055,50.099998474121094,50.04999923706055,50.099998474121094,499
2021-06-14 15:11:00+05:30,50.04999923706055,50.04999923706055,50.0,50.0,108
2021-06-14 15:12:00+05:30,50.04999923706055,50.04999923706055,50.04999923706055,50.04999923706055,283
2021-06-14 15:13:00+05:30,50.04999923706055,50.04999923706055,50.04999923706055,50.04999923706055,332
2021-06-14 15:14:00+05:30,50.04999923706055,50.150001525878906,50.0,50.04999923706055,954
2021-06-14 15:15:00+05:30,50.20000076293945,50.25,50.04999923706055,50.04999923706055,1838
2021-06-14 15:16:00+05:30,50.099998474121094,50.099998474121094,50.0,50.0,612
2021-06-14 15:17:00+05:30,50.25,50.25,50.0,50.0,92
2021-06-14 15:18:00+05:30,50.0,50.0,49.79999923706055,49.79999923706055,535
2021-06-14 15:19:00+05:30,49.79999923706055,49.79999923706055,49.79999923706055,49.79999923706055,0
2021-06-14 15:20:00+05:30,50.0,50.0,49.849998474121094,50.0,824
2021-06-14 15:22:00+05:30,50.0,50.150001525878906,50.0,50.150001525878906,375
2021-06-14 15:23:00+05:30,50.150001525878906,50.150001525878906,49.95000076293945,49.95000076293945,910
2021-06-14 15:24:00+05:30,50.04999923706055,50.04999923706055,49.95000076293945,49.95000076293945,600
2021-06-14 15:25:00+05:30,50.0,50.04999923706055,50.0,50.04999923706055,986
2021-06-14 15:26:00+05:30,50.0,50.0,50.0,50.0,262
2021-06-14 15:27:00+05:30,50.04999923706055,50.04999923706055,50.0,50.0,3973
2021-06-14 15:28:00+05:30,50.099998474121094,50.20000076293945,50.099998474121094,50.20000076293945,957
2021-06-14 15:29:00+05:30,50.5,50.5,50.099998474121094,50.20000076293945,727
2021-06-15 09:15:00+05:30,50.650001525878906,50.650001525878906,49.79999923706055,50.650001525878906,0
2021-06-15 09:16:00+05:30,50.650001525878906,50.70000076293945,50.150001525878906,50.54999923706055,527
2021-06-15 09:18:00+05:30,50.900001525878906,51.20000076293945,50.900001525878906,51.20000076293945,649
2021-06-15 09:19:00+05:30,51.099998474121094,51.45000076293945,51.099998474121094,51.45000076293945,198
2021-06-15 09:20:00+05:30,51.45000076293945,51.650001525878906,51.29999923706055,51.599998474121094,2080
2021-06-15 09:21:00+05:30,51.599998474121094,52.0,51.5,52.0,14850
2021-06-15 09:22:00+05:30,51.95000076293945,52.349998474121094,51.95000076293945,52.25,9476
2021-06-15 09:23:00+05:30,52.150001525878906,52.20000076293945,51.95000076293945,52.150001525878906,3830
2021-06-15 09:24:00+05:30,52.150001525878906,52.900001525878906,52.150001525878906,52.900001525878906,5202
2021-06-15 09:25:00+05:30,52.900001525878906,53.54999923706055,52.599998474121094,53.54999923706055,12510
2021-06-15 09:26:00+05:30,53.849998474121094,53.95000076293945,53.349998474121094,53.70000076293945,7747
2021-06-15 09:27:00+05:30,53.79999923706055,54.099998474121094,53.79999923706055,54.0,22808
2021-06-15 09:28:00+05:30,54.099998474121094,54.099998474121094,53.599998474121094,53.75,11322
2021-06-15 09:29:00+05:30,53.54999923706055,53.79999923706055,53.5,53.599998474121094,7756
2021-06-15 09:30:00+05:30,53.5,53.70000076293945,53.349998474121094,53.70000076293945,6990
2021-06-15 09:31:00+05:30,53.95000076293945,53.95000076293945,53.79999923706055,53.79999923706055,6978
2021-06-15 09:32:00+05:30,53.95000076293945,54.0,53.79999923706055,54.0,7586
2021-06-15 09:33:00+05:30,54.0,54.0,53.79999923706055,54.0,7714
2021-06-15 09:34:00+05:30,54.0,54.0,53.849998474121094,53.849998474121094,2685
2021-06-15 09:35:00+05:30,53.900001525878906,53.900001525878906,53.79999923706055,53.79999923706055,3189
2021-06-15 09:36:00+05:30,53.79999923706055,53.79999923706055,53.599998474121094,53.70000076293945,3669
2021-06-15 09:37:00+05:30,53.70000076293945,53.79999923706055,53.599998474121094,53.79999923706055,4360
2021-06-15 09:38:00+05:30,53.75,53.900001525878906,53.75,53.900001525878906,2612
2021-06-15 09:39:00+05:30,53.900001525878906,53.95000076293945,53.900001525878906,53.900001525878906,2030
2021-06-15 09:40:00+05:30,53.79999923706055,53.79999923706055,53.5,53.79999923706055,6248
2021-06-15 09:41:00+05:30,53.75,53.75,53.5,53.599998474121094,2896
2021-06-15 09:42:00+05:30,53.29999923706055,53.5,53.25,53.29999923706055,4301
2021-06-15 09:43:00+05:30,53.29999923706055,53.349998474121094,53.04999923706055,53.25,9175
2021-06-15 09:44:00+05:30,53.25,53.5,53.25,53.5,862
2021-06-15 09:45:00+05:30,53.400001525878906,53.45000076293945,53.25,53.25,2275
2021-06-15 09:46:00+05:30,53.349998474121094,53.5,53.349998474121094,53.45000076293945,340
2021-06-15 09:47:00+05:30,53.5,53.5,53.349998474121094,53.349998474121094,1190
2021-06-15 09:48:00+05:30,53.45000076293945,53.5,53.349998474121094,53.5,1271
2021-06-15 09:49:00+05:30,53.650001525878906,53.650001525878906,53.400001525878906,53.400001525878906,1055
2021-06-15 09:50:00+05:30,53.5,53.599998474121094,53.400001525878906,53.599998474121094,2516
2021-06-15 09:51:00+05:30,53.599998474121094,53.900001525878906,53.599998474121094,53.900001525878906,4408
2021-06-15 09:52:00+05:30,53.95000076293945,54.099998474121094,53.95000076293945,54.099998474121094,9803
2021-06-15 09:53:00+05:30,54.04999923706055,54.099998474121094,53.75,53.75,5981
2021-06-15 09:54:00+05:30,53.849998474121094,53.849998474121094,53.70000076293945,53.70000076293945,3322
2021-06-15 09:55:00+05:30,53.70000076293945,53.70000076293945,53.29999923706055,53.29999923706055,5352
2021-06-15 09:56:00+05:30,53.400001525878906,53.400001525878906,53.29999923706055,53.349998474121094,2160
2021-06-15 09:57:00+05:30,53.349998474121094,53.599998474121094,53.29999923706055,53.29999923706055,2507
2021-06-15 09:58:00+05:30,53.29999923706055,53.29999923706055,53.25,53.29999923706055,1026
2021-06-15 09:59:00+05:30,53.29999923706055,53.45000076293945,53.29999923706055,53.349998474121094,676
2021-06-15 10:00:00+05:30,53.349998474121094,53.400001525878906,53.349998474121094,53.400001525878906,1668
2021-06-15 10:01:00+05:30,53.400001525878906,53.400001525878906,53.349998474121094,53.349998474121094,68
2021-06-15 10:02:00+05:30,53.349998474121094,53.349998474121094,53.349998474121094,53.349998474121094,320
2021-06-15 10:03:00+05:30,53.349998474121094,53.599998474121094,53.349998474121094,53.5,2478
2021-06-15 10:04:00+05:30,53.5,53.79999923706055,53.400001525878906,53.70000076293945,4892
2021-06-15 10:05:00+05:30,53.79999923706055,54.5,53.599998474121094,54.5,18064
2021-06-15 10:06:00+05:30,54.5,54.75,54.29999923706055,54.70000076293945,6872
2021-06-15 10:07:00+05:30,54.650001525878906,54.95000076293945,54.5,54.95000076293945,8823
2021-06-15 10:08:00+05:30,54.75,55.20000076293945,54.75,55.04999923706055,24720
2021-06-15 10:09:00+05:30,55.150001525878906,55.79999923706055,55.150001525878906,55.599998474121094,17840
2021-06-15 10:10:00+05:30,55.5,55.650001525878906,55.099998474121094,55.349998474121094,13164
2021-06-15 10:11:00+05:30,55.349998474121094,56.099998474121094,55.29999923706055,56.0,17638
2021-06-15 10:12:00+05:30,56.04999923706055,56.70000076293945,56.04999923706055,56.29999923706055,20618
2021-06-15 10:13:00+05:30,56.349998474121094,56.400001525878906,56.20000076293945,56.29999923706055,8561
2021-06-15 10:14:00+05:30,56.349998474121094,56.79999923706055,56.29999923706055,56.79999923706055,11166
2021-06-15 10:15:00+05:30,56.599998474121094,57.20000076293945,56.599998474121094,57.20000076293945,12795
2021-06-15 10:16:00+05:30,57.25,57.5,57.04999923706055,57.04999923706055,17096
2021-06-15 10:17:00+05:30,57.04999923706055,57.04999923706055,56.349998474121094,56.400001525878906,19028
2021-06-15 10:18:00+05:30,56.5,56.79999923706055,56.400001525878906,56.79999923706055,2993
2021-06-15 10:19:00+05:30,56.95000076293945,56.95000076293945,56.599998474121094,56.79999923706055,5168
2021-06-15 10:20:00+05:30,56.650001525878906,56.75,56.20000076293945,56.20000076293945,14440
2021-06-15 10:21:00+05:30,56.20000076293945,56.5,56.20000076293945,56.5,4662
2021-06-15 10:22:00+05:30,56.5,56.5,56.29999923706055,56.400001525878906,3167
2021-06-15 10:23:00+05:30,56.400001525878906,56.400001525878906,55.54999923706055,55.849998474121094,13803
2021-06-15 10:24:00+05:30,55.75,56.20000076293945,55.54999923706055,56.0,7817
2021-06-15 10:25:00+05:30,56.0,56.0,55.75,55.849998474121094,3377
2021-06-15 10:26:00+05:30,55.849998474121094,55.849998474121094,55.650001525878906,55.79999923706055,2895
2021-06-15 10:27:00+05:30,55.70000076293945,55.95000076293945,55.650001525878906,55.650001525878906,4869
2021-06-15 10:28:00+05:30,55.79999923706055,55.79999923706055,55.599998474121094,55.79999923706055,10405
2021-06-15 10:29:00+05:30,55.79999923706055,55.95000076293945,55.75,55.849998474121094,6048
2021-06-15 10:30:00+05:30,55.900001525878906,55.900001525878906,55.900001525878906,55.900001525878906,154
2021-06-15 10:31:00+05:30,55.849998474121094,55.849998474121094,55.75,55.849998474121094,5709
2021-06-15 10:32:00+05:30,55.900001525878906,56.0,55.900001525878906,56.0,2021
2021-06-15 10:33:00+05:30,55.70000076293945,55.95000076293945,55.70000076293945,55.900001525878906,3724
2021-06-15 10:34:00+05:30,55.900001525878906,55.900001525878906,55.75,55.900001525878906,1909
2021-06-15 10:35:00+05:30,55.900001525878906,56.0,55.79999923706055,55.95000076293945,3975
2021-06-15 10:36:00+05:30,55.849998474121094,56.20000076293945,55.849998474121094,56.150001525878906,5605
2021-06-15 10:37:00+05:30,56.20000076293945,56.20000076293945,55.79999923706055,56.099998474121094,2124
2021-06-15 10:38:00+05:30,56.150001525878906,56.150001525878906,55.95000076293945,55.95000076293945,1654
2021-06-15 10:39:00+05:30,56.0,56.0,55.79999923706055,55.79999923706055,1509
2021-06-15 10:40:00+05:30,55.900001525878906,56.0,55.900001525878906,56.0,1399
2021-06-15 10:41:00+05:30,55.95000076293945,56.0,55.900001525878906,55.900001525878906,314
2021-06-15 10:42:00+05:30,55.900001525878906,55.900001525878906,55.79999923706055,55.900001525878906,776
2021-06-15 10:43:00+05:30,55.849998474121094,55.900001525878906,55.849998474121094,55.900001525878906,483
2021-06-15 10:44:00+05:30,55.900001525878906,55.95000076293945,55.79999923706055,55.900001525878906,1645
2021-06-15 10:45:00+05:30,55.79999923706055,55.79999923706055,55.70000076293945,55.75,4024
2021-06-15 10:46:00+05:30,55.75,55.79999923706055,55.70000076293945,55.79999923706055,817
2021-06-15 10:47:00+05:30,55.79999923706055,55.79999923706055,55.75,55.75,627
2021-06-15 10:48:00+05:30,55.75,55.75,55.599998474121094,55.75,1074
2021-06-15 10:49:00+05:30,55.70000076293945,55.75,55.70000076293945,55.75,483
2021-06-15 10:50:00+05:30,55.599998474121094,55.70000076293945,55.599998474121094,55.599998474121094,1813
2021-06-15 10:51:00+05:30,55.70000076293945,55.75,55.70000076293945,55.75,2770
2021-06-15 10:52:00+05:30,55.79999923706055,55.900001525878906,55.79999923706055,55.900001525878906,565
2021-06-15 10:53:00+05:30,55.900001525878906,55.900001525878906,55.75,55.900001525878906,401
2021-06-15 10:54:00+05:30,55.849998474121094,55.95000076293945,55.849998474121094,55.95000076293945,5266
2021-06-15 10:55:00+05:30,55.95000076293945,55.95000076293945,55.79999923706055,55.95000076293945,0
2021-06-15 10:56:00+05:30,55.95000076293945,55.95000076293945,55.849998474121094,55.849998474121094,729
2021-06-15 10:57:00+05:30,55.95000076293945,56.04999923706055,55.900001525878906,56.0,3587
2021-06-15 10:58:00+05:30,56.0,56.0,56.0,56.0,1049
2021-06-15 10:59:00+05:30,56.0,56.0,55.70000076293945,55.79999923706055,6104
2021-06-15 11:00:00+05:30,55.70000076293945,55.79999923706055,55.70000076293945,55.70000076293945,347
2021-06-15 11:01:00+05:30,55.70000076293945,55.75,55.650001525878906,55.75,700
2021-06-15 11:02:00+05:30,55.79999923706055,55.79999923706055,55.70000076293945,55.79999923706055,1963
2021-06-15 11:03:00+05:30,55.79999923706055,55.95000076293945,55.79999923706055,55.900001525878906,887
2021-06-15 11:04:00+05:30,55.900001525878906,55.900001525878906,55.75,55.79999923706055,629
2021-06-15 11:05:00+05:30,55.95000076293945,55.95000076293945,55.95000076293945,55.95000076293945,252
2021-06-15 11:06:00+05:30,55.75,56.0,55.75,55.79999923706055,1246
2021-06-15 11:07:00+05:30,55.79999923706055,56.0,55.79999923706055,55.79999923706055,531
2021-06-15 11:08:00+05:30,55.95000076293945,55.95000076293945,55.79999923706055,55.79999923706055,226
2021-06-15 11:09:00+05:30,55.79999923706055,55.95000076293945,55.79999923706055,55.849998474121094,120
2021-06-15 11:10:00+05:30,55.849998474121094,55.95000076293945,55.849998474121094,55.849998474121094,55
2021-06-15 11:11:00+05:30,55.900001525878906,56.0,55.900001525878906,56.0,326
2021-06-15 11:12:00+05:30,56.0,56.0,55.900001525878906,56.0,1383
2021-06-15 11:13:00+05:30,55.95000076293945,55.95000076293945,55.900001525878906,55.900001525878906,230
2021-06-15 11:14:00+05:30,56.04999923706055,56.150001525878906,56.0,56.150001525878906,3156
2021-06-15 11:15:00+05:30,56.25,56.45000076293945,56.20000076293945,56.349998474121094,3002
2021-06-15 11:16:00+05:30,56.400001525878906,56.400001525878906,56.400001525878906,56.400001525878906,1350
2021-06-15 11:17:00+05:30,56.45000076293945,57.0,56.45000076293945,56.95000076293945,20012
2021-06-15 11:18:00+05:30,57.0,57.0,56.650001525878906,56.75,4045
2021-06-15 11:19:00+05:30,56.75,56.900001525878906,56.70000076293945,56.79999923706055,2344
2021-06-15 11:20:00+05:30,56.79999923706055,57.0,56.650001525878906,56.650001525878906,3333
2021-06-15 11:21:00+05:30,56.75,57.0,56.75,56.900001525878906,1847
2021-06-15 11:22:00+05:30,56.849998474121094,56.95000076293945,56.75,56.79999923706055,3279
2021-06-15 11:23:00+05:30,56.75,56.75,56.75,56.75,60
2021-06-15 11:24:00+05:30,56.75,56.75,56.5,56.5,4861
2021-06-15 11:25:00+05:30,56.5,56.5,56.099998474121094,56.099998474121094,4347
2021-06-15 11:26:00+05:30,56.04999923706055,56.54999923706055,56.04999923706055,56.54999923706055,1445
2021-06-15 11:27:00+05:30,56.54999923706055,56.70000076293945,56.54999923706055,56.70000076293945,1040
2021-06-15 11:28:00+05:30,56.70000076293945,56.70000076293945,56.45000076293945,56.650001525878906,1148
2021-06-15 11:29:00+05:30,56.54999923706055,56.95000076293945,56.5,56.95000076293945,4198
2021-06-15 11:30:00+05:30,56.95000076293945,56.95000076293945,56.650001525878906,56.70000076293945,3720
2021-06-15 11:32:00+05:30,56.79999923706055,56.900001525878906,56.70000076293945,56.849998474121094,3432
2021-06-15 11:33:00+05:30,56.849998474121094,56.95000076293945,56.849998474121094,56.900001525878906,414
2021-06-15 11:34:00+05:30,56.900001525878906,56.95000076293945,56.900001525878906,56.95000076293945,2377
2021-06-15 11:35:00+05:30,56.79999923706055,56.900001525878906,56.70000076293945,56.70000076293945,1679
2021-06-15 11:36:00+05:30,56.70000076293945,56.70000076293945,56.650001525878906,56.650001525878906,482
2021-06-15 11:37:00+05:30,56.650001525878906,56.650001525878906,56.650001525878906,56.650001525878906,229
2021-06-15 11:38:00+05:30,56.599998474121094,56.599998474121094,56.54999923706055,56.54999923706055,559
2021-06-15 11:39:00+05:30,56.650001525878906,56.650001525878906,56.54999923706055,56.599998474121094,1085
2021-06-15 11:40:00+05:30,56.599998474121094,56.650001525878906,56.599998474121094,56.599998474121094,1499
2021-06-15 11:41:00+05:30,56.79999923706055,56.79999923706055,56.79999923706055,56.79999923706055,0
2021-06-15 11:42:00+05:30,56.599998474121094,56.75,56.54999923706055,56.54999923706055,638
2021-06-15 11:43:00+05:30,56.75,56.75,56.54999923706055,56.54999923706055,674
2021-06-15 11:44:00+05:30,56.650001525878906,56.650001525878906,56.650001525878906,56.650001525878906,572
2021-06-15 11:45:00+05:30,56.54999923706055,56.54999923706055,56.54999923706055,56.54999923706055,800
2021-06-15 11:46:00+05:30,56.650001525878906,56.650001525878906,56.54999923706055,56.54999923706055,714
2021-06-15 11:47:00+05:30,56.54999923706055,56.650001525878906,56.5,56.5,435
2021-06-15 11:48:00+05:30,56.5,56.599998474121094,56.5,56.5,1172
2021-06-15 11:49:00+05:30,56.5,56.70000076293945,56.5,56.70000076293945,351
2021-06-15 11:50:00+05:30,56.5,56.70000076293945,56.5,56.70000076293945,259
2021-06-15 11:51:00+05:30,56.70000076293945,56.70000076293945,56.70000076293945,56.70000076293945,0
2021-06-15 11:52:00+05:30,56.75,56.75,56.75,56.75,491
2021-06-15 11:53:00+05:30,56.70000076293945,56.70000076293945,56.70000076293945,56.70000076293945,462
2021-06-15 11:54:00+05:30,56.70000076293945,56.70000076293945,56.599998474121094,56.599998474121094,397
2021-06-15 11:55:00+05:30,56.599998474121094,56.70000076293945,56.599998474121094,56.70000076293945,86
2021-06-15 11:56:00+05:30,56.70000076293945,56.70000076293945,56.599998474121094,56.70000076293945,823
2021-06-15 11:57:00+05:30,56.54999923706055,56.70000076293945,56.54999923706055,56.70000076293945,735
2021-06-15 11:58:00+05:30,56.54999923706055,56.70000076293945,56.5,56.70000076293945,4038
2021-06-15 11:59:00+05:30,56.70000076293945,56.79999923706055,56.54999923706055,56.79999923706055,4566
2021-06-15 12:00:00+05:30,56.79999923706055,56.900001525878906,56.650001525878906,56.75,1656
2021-06-15 12:01:00+05:30,56.75,56.900001525878906,56.75,56.900001525878906,110
2021-06-15 12:02:00+05:30,56.900001525878906,56.900001525878906,56.79999923706055,56.900001525878906,893
2021-06-15 12:03:00+05:30,56.95000076293945,56.95000076293945,56.79999923706055,56.79999923706055,735
2021-06-15 12:05:00+05:30,56.79999923706055,57.0,56.79999923706055,57.0,3636
2021-06-15 12:06:00+05:30,57.0,57.25,57.0,57.150001525878906,12017
2021-06-15 12:07:00+05:30,57.29999923706055,57.900001525878906,57.25,57.900001525878906,17457
2021-06-15 12:08:00+05:30,57.79999923706055,58.0,57.5,57.5,21867
2021-06-15 12:09:00+05:30,57.5,57.95000076293945,57.5,57.75,2225
2021-06-15 12:10:00+05:30,57.75,57.95000076293945,57.75,57.95000076293945,1749
2021-06-15 12:11:00+05:30,58.0,58.150001525878906,57.79999923706055,58.150001525878906,10263
2021-06-15 12:12:00+05:30,57.95000076293945,58.20000076293945,57.849998474121094,58.04999923706055,1518
2021-06-15 12:13:00+05:30,58.099998474121094,58.29999923706055,58.0,58.150001525878906,9021
2021-06-15 12:14:00+05:30,58.20000076293945,58.5,58.20000076293945,58.29999923706055,5213
2021-06-15 12:15:00+05:30,58.400001525878906,58.400001525878906,58.29999923706055,58.349998474121094,918
2021-06-15 12:16:00+05:30,58.400001525878906,58.400001525878906,58.0,58.20000076293945,4454
2021-06-15 12:17:00+05:30,58.20000076293945,58.20000076293945,58.0,58.04999923706055,2761
2021-06-15 12:18:00+05:30,58.04999923706055,58.20000076293945,58.04999923706055,58.099998474121094,3766
2021-06-15 12:19:00+05:30,58.04999923706055,58.099998474121094,57.650001525878906,57.79999923706055,8148
2021-06-15 12:20:00+05:30,57.79999923706055,58.04999923706055,57.650001525878906,57.70000076293945,1457
2021-06-15 12:21:00+05:30,57.70000076293945,57.900001525878906,57.70000076293945,57.79999923706055,1539
2021-06-15 12:22:00+05:30,57.79999923706055,57.79999923706055,57.75,57.75,166
2021-06-15 12:23:00+05:30,57.75,57.79999923706055,57.650001525878906,57.650001525878906,2054
2021-06-15 12:24:00+05:30,57.75,57.75,57.75,57.75,406
2021-06-15 12:25:00+05:30,57.599998474121094,57.75,57.599998474121094,57.599998474121094,484
2021-06-15 12:26:00+05:30,57.599998474121094,57.75,57.599998474121094,57.75,840
2021-06-15 12:27:00+05:30,57.75,57.75,57.45000076293945,57.45000076293945,2864
2021-06-15 12:28:00+05:30,57.349998474121094,57.5,57.349998474121094,57.349998474121094,581
2021-06-15 12:29:00+05:30,57.5,57.5,57.04999923706055,57.04999923706055,6237
2021-06-15 12:30:00+05:30,56.79999923706055,56.95000076293945,56.79999923706055,56.95000076293945,2907
2021-06-15 12:31:00+05:30,57.099998474121094,57.099998474121094,57.099998474121094,57.099998474121094,5294
2021-06-15 12:32:00+05:30,56.900001525878906,57.099998474121094,56.79999923706055,57.099998474121094,3811
2021-06-15 12:33:00+05:30,57.0,57.0,56.79999923706055,56.79999923706055,297
2021-06-15 12:34:00+05:30,57.0,57.0,56.79999923706055,56.849998474121094,1621
2021-06-15 12:35:00+05:30,56.849998474121094,57.0,56.849998474121094,57.0,1850
2021-06-15 12:36:00+05:30,57.0,57.0,57.0,57.0,515
2021-06-15 12:37:00+05:30,57.0,57.04999923706055,57.0,57.0,903
2021-06-15 12:38:00+05:30,57.0,57.0,56.900001525878906,56.900001525878906,820
2021-06-15 12:39:00+05:30,56.95000076293945,57.099998474121094,56.95000076293945,57.099998474121094,543
2021-06-15 12:40:00+05:30,57.099998474121094,57.400001525878906,57.099998474121094,57.400001525878906,5282
2021-06-15 12:41:00+05:30,57.400001525878906,57.400001525878906,57.150001525878906,57.25,0
2021-06-15 12:42:00+05:30,57.75,57.75,57.650001525878906,57.650001525878906,998
2021-06-15 12:43:00+05:30,57.650001525878906,57.650001525878906,57.5,57.5,1429
2021-06-15 12:44:00+05:30,57.5,57.650001525878906,57.25,57.54999923706055,1466
2021-06-15 12:45:00+05:30,57.75,57.900001525878906,57.54999923706055,57.70000076293945,2700
2021-06-15 12:46:00+05:30,57.75,57.900001525878906,57.75,57.79999923706055,1101
2021-06-15 12:47:00+05:30,57.75,57.79999923706055,57.70000076293945,57.75,1006
2021-06-15 12:48:00+05:30,57.900001525878906,58.0,57.900001525878906,57.95000076293945,12697
2021-06-15 12:49:00+05:30,57.900001525878906,58.0,57.650001525878906,57.650001525878906,6045
2021-06-15 12:50:00+05:30,57.79999923706055,57.900001525878906,57.599998474121094,57.70000076293945,793
2021-06-15 12:51:00+05:30,57.70000076293945,57.95000076293945,57.650001525878906,57.900001525878906,1322
2021-06-15 12:52:00+05:30,57.70000076293945,57.849998474121094,57.650001525878906,57.650001525878906,254
2021-06-15 12:53:00+05:30,57.599998474121094,57.599998474121094,57.5,57.5,1668
2021-06-15 12:54:00+05:30,57.5,57.70000076293945,57.349998474121094,57.70000076293945,1401
2021-06-15 12:55:00+05:30,57.349998474121094,57.54999923706055,57.349998474121094,57.5,1422
2021-06-15 12:56:00+05:30,57.5,57.599998474121094,57.5,57.599998474121094,2093
2021-06-15 12:57:00+05:30,57.599998474121094,57.75,57.5,57.5,1537
2021-06-15 12:58:00+05:30,57.54999923706055,57.75,57.54999923706055,57.650001525878906,1407
2021-06-15 13:00:00+05:30,57.79999923706055,57.900001525878906,57.79999923706055,57.79999923706055,3328
2021-06-15 13:01:00+05:30,57.79999923706055,57.900001525878906,57.79999923706055,57.900001525878906,1139
2021-06-15 13:02:00+05:30,57.650001525878906,57.849998474121094,57.54999923706055,57.599998474121094,236
2021-06-15 13:03:00+05:30,57.599998474121094,57.75,57.599998474121094,57.599998474121094,277
2021-06-15 13:04:00+05:30,57.650001525878906,58.0,57.599998474121094,57.75,11262
2021-06-15 13:05:00+05:30,57.900001525878906,58.54999923706055,57.900001525878906,58.45000076293945,9755
2021-06-15 13:06:00+05:30,58.400001525878906,58.400001525878906,58.20000076293945,58.400001525878906,2548
2021-06-15 13:07:00+05:30,58.29999923706055,58.349998474121094,58.20000076293945,58.29999923706055,2171
2021-06-15 13:08:00+05:30,58.29999923706055,58.5,58.29999923706055,58.5,4109
2021-06-15 13:09:00+05:30,58.5,58.650001525878906,58.45000076293945,58.650001525878906,6320
2021-06-15 13:10:00+05:30,58.650001525878906,58.650001525878906,58.349998474121094,58.599998474121094,619
2021-06-15 13:11:00+05:30,58.599998474121094,58.650001525878906,58.20000076293945,58.25,1645
2021-06-15 13:12:00+05:30,58.400001525878906,58.400001525878906,58.400001525878906,58.400001525878906,415
2021-06-15 13:13:00+05:30,58.349998474121094,58.79999923706055,58.25,58.79999923706055,9105
2021-06-15 13:14:00+05:30,58.79999923706055,59.75,58.599998474121094,59.29999923706055,201728
2021-06-15 13:15:00+05:30,59.25,59.849998474121094,59.20000076293945,59.650001525878906,23313
2021-06-15 13:16:00+05:30,59.5,59.5,59.29999923706055,59.400001525878906,8895
2021-06-15 13:17:00+05:30,59.400001525878906,59.95000076293945,59.400001525878906,59.900001525878906,13824
2021-06-15 13:18:00+05:30,59.95000076293945,60.099998474121094,59.70000076293945,59.900001525878906,38847
2021-06-15 13:19:00+05:30,59.849998474121094,60.0,59.650001525878906,59.70000076293945,14652
2021-06-15 13:20:00+05:30,59.75,60.150001525878906,59.75,60.150001525878906,22976
2021-06-15 13:21:00+05:30,60.099998474121094,60.099998474121094,59.79999923706055,59.79999923706055,6359
2021-06-15 13:22:00+05:30,59.79999923706055,60.20000076293945,59.79999923706055,60.20000076293945,64399
2021-06-15 13:23:00+05:30,60.20000076293945,60.20000076293945,60.20000076293945,60.20000076293945,2282
2021-06-15 13:24:00+05:30,60.20000076293945,60.20000076293945,60.20000076293945,60.20000076293945,1463
2021-06-15 13:25:00+05:30,60.20000076293945,60.20000076293945,60.20000076293945,60.20000076293945,423
2021-06-15 13:26:00+05:30,60.20000076293945,60.20000076293945,59.54999923706055,59.599998474121094,60826
2021-06-15 13:27:00+05:30,59.599998474121094,59.70000076293945,59.099998474121094,59.400001525878906,29365
2021-06-15 13:28:00+05:30,59.599998474121094,59.650001525878906,59.29999923706055,59.650001525878906,10107
2021-06-15 13:29:00+05:30,59.54999923706055,59.900001525878906,59.54999923706055,59.599998474121094,8329
2021-06-15 13:30:00+05:30,59.70000076293945,59.70000076293945,59.45000076293945,59.45000076293945,4935
2021-06-15 13:31:00+05:30,59.900001525878906,60.150001525878906,59.900001525878906,60.04999923706055,26384
2021-06-15 13:32:00+05:30,60.0,60.099998474121094,59.849998474121094,59.849998474121094,12044
2021-06-15 13:33:00+05:30,59.75,60.099998474121094,59.75,59.900001525878906,9684
2021-06-15 13:34:00+05:30,59.79999923706055,60.0,59.79999923706055,59.849998474121094,2506
2021-06-15 13:35:00+05:30,59.849998474121094,60.099998474121094,59.849998474121094,60.099998474121094,5776
2021-06-15 13:36:00+05:30,60.099998474121094,60.150001525878906,59.95000076293945,60.150001525878906,10167
2021-06-15 13:37:00+05:30,60.0,60.150001525878906,59.95000076293945,60.150001525878906,13493
2021-06-15 13:38:00+05:30,60.0,60.099998474121094,60.0,60.099998474121094,4377
2021-06-15 13:39:00+05:30,60.099998474121094,60.150001525878906,59.95000076293945,59.95000076293945,19940
2021-06-15 13:40:00+05:30,59.900001525878906,59.95000076293945,59.75,59.900001525878906,5287
2021-06-15 13:41:00+05:30,59.900001525878906,59.900001525878906,59.75,59.75,918
2021-06-15 13:42:00+05:30,59.70000076293945,59.70000076293945,59.5,59.70000076293945,5235
2021-06-15 13:43:00+05:30,59.900001525878906,59.900001525878906,59.54999923706055,59.54999923706055,2979
2021-06-15 13:44:00+05:30,59.599998474121094,59.75,59.400001525878906,59.5,16797
2021-06-15 13:45:00+05:30,59.79999923706055,59.849998474121094,59.79999923706055,59.79999923706055,5759
2021-06-15 13:46:00+05:30,59.849998474121094,59.900001525878906,59.5,59.75,6276
2021-06-15 13:47:00+05:30,59.900001525878906,59.900001525878906,59.599998474121094,59.599998474121094,736
2021-06-15 13:48:00+05:30,59.599998474121094,59.849998474121094,59.5,59.54999923706055,8545
2021-06-15 13:49:00+05:30,59.79999923706055,59.79999923706055,59.599998474121094,59.599998474121094,12698
2021-06-15 13:50:00+05:30,59.599998474121094,59.599998474121094,59.099998474121094,59.099998474121094,3035
2021-06-15 13:51:00+05:30,59.04999923706055,59.95000076293945,58.650001525878906,59.099998474121094,24641
2021-06-15 13:52:00+05:30,59.349998474121094,59.54999923706055,59.25,59.5,6330
2021-06-15 13:53:00+05:30,59.599998474121094,59.599998474121094,59.29999923706055,59.599998474121094,2467
2021-06-15 13:54:00+05:30,59.650001525878906,59.900001525878906,59.650001525878906,59.650001525878906,4559
2021-06-15 13:55:00+05:30,59.650001525878906,59.849998474121094,59.54999923706055,59.650001525878906,1160
2021-06-15 13:56:00+05:30,59.650001525878906,59.900001525878906,59.650001525878906,59.70000076293945,6029
2021-06-15 13:57:00+05:30,59.599998474121094,59.849998474121094,59.599998474121094,59.849998474121094,964
2021-06-15 13:58:00+05:30,59.75,59.900001525878906,59.75,59.849998474121094,1437
2021-06-15 13:59:00+05:30,59.849998474121094,59.849998474121094,59.75,59.75,450
2021-06-15 14:00:00+05:30,59.900001525878906,59.900001525878906,59.79999923706055,59.79999923706055,1935
2021-06-15 14:01:00+05:30,59.75,59.79999923706055,59.75,59.75,2121
2021-06-15 14:02:00+05:30,59.75,59.79999923706055,59.75,59.75,0
2021-06-15 14:03:00+05:30,59.79999923706055,59.900001525878906,59.75,59.75,5194
2021-06-15 14:04:00+05:30,59.70000076293945,59.75,59.70000076293945,59.70000076293945,0
2021-06-15 14:05:00+05:30,59.75,59.79999923706055,59.70000076293945,59.75,330
2021-06-15 14:06:00+05:30,59.70000076293945,59.900001525878906,59.70000076293945,59.79999923706055,2409
2021-06-15 14:07:00+05:30,59.75,59.75,59.75,59.75,706
2021-06-15 14:08:00+05:30,59.95000076293945,59.95000076293945,59.79999923706055,59.79999923706055,5652
2021-06-15 14:09:00+05:30,59.900001525878906,59.95000076293945,59.75,59.95000076293945,650
2021-06-15 14:10:00+05:30,59.95000076293945,59.95000076293945,59.79999923706055,59.95000076293945,30723
2021-06-15 14:11:00+05:30,60.150001525878906,60.20000076293945,60.099998474121094,60.20000076293945,61728
2021-06-15 14:12:00+05:30,60.20000076293945,60.20000076293945,60.20000076293945,60.20000076293945,0
2021-06-15 14:13:00+05:30,60.20000076293945,60.20000076293945,60.20000076293945,60.20000076293945,174
2021-06-15 14:14:00+05:30,60.20000076293945,60.20000076293945,60.20000076293945,60.20000076293945,312
2021-06-15 14:15:00+05:30,60.20000076293945,60.20000076293945,60.20000076293945,60.20000076293945,473
2021-06-15 14:16:00+05:30,60.20000076293945,60.20000076293945,60.20000076293945,60.20000076293945,225
2021-06-15 14:17:00+05:30,60.20000076293945,60.20000076293945,60.20000076293945,60.20000076293945,0
2021-06-15 14:19:00+05:30,60.20000076293945,60.20000076293945,60.20000076293945,60.20000076293945,521
2021-06-15 14:20:00+05:30,60.20000076293945,60.20000076293945,60.20000076293945,60.20000076293945,1489
2021-06-15 14:21:00+05:30,60.20000076293945,60.20000076293945,60.20000076293945,60.20000076293945,1580
2021-06-15 14:24:00+05:30,60.20000076293945,60.20000076293945,60.20000076293945,60.20000076293945,2000
2021-06-15 14:25:00+05:30,60.20000076293945,60.20000076293945,60.20000076293945,60.20000076293945,0
2021-06-15 14:26:00+05:30,60.20000076293945,60.20000076293945,60.20000076293945,60.20000076293945,111
2021-06-15 14:27:00+05:30,60.20000076293945,60.20000076293945,60.20000076293945,60.20000076293945,684
2021-06-15 14:28:00+05:30,60.20000076293945,60.20000076293945,60.20000076293945,60.20000076293945,550
2021-06-15 14:29:00+05:30,60.20000076293945,60.20000076293945,60.20000076293945,60.20000076293945,0
2021-06-15 14:30:00+05:30,60.20000076293945,60.20000076293945,60.20000076293945,60.20000076293945,78
2021-06-15 14:32:00+05:30,60.20000076293945,60.20000076293945,60.20000076293945,60.20000076293945,99
2021-06-15 14:33:00+05:30,60.20000076293945,60.20000076293945,60.20000076293945,60.20000076293945,180
2021-06-15 14:34:00+05:30,60.20000076293945,60.20000076293945,60.20000076293945,60.20000076293945,975
2021-06-15 14:36:00+05:30,60.20000076293945,60.20000076293945,60.20000076293945,60.20000076293945,223
2021-06-15 14:38:00+05:30,60.20000076293945,60.20000076293945,60.20000076293945,60.20000076293945,1360
2021-06-15 14:39:00+05:30,60.20000076293945,60.20000076293945,60.20000076293945,60.20000076293945,0
2021-06-15 14:40:00+05:30,60.20000076293945,60.20000076293945,60.20000076293945,60.20000076293945,1011
2021-06-15 14:42:00+05:30,60.20000076293945,60.20000076293945,60.20000076293945,60.20000076293945,0
2021-06-15 14:44:00+05:30,60.20000076293945,60.20000076293945,60.20000076293945,60.20000076293945,200
2021-06-15 14:46:00+05:30,60.20000076293945,60.20000076293945,60.20000076293945,60.20000076293945,750
2021-06-15 14:47:00+05:30,60.20000076293945,60.20000076293945,60.20000076293945,60.20000076293945,0
2021-06-15 14:48:00+05:30,60.20000076293945,60.20000076293945,60.20000076293945,60.20000076293945,345
2021-06-15 14:49:00+05:30,60.20000076293945,60.20000076293945,60.20000076293945,60.20000076293945,78
2021-06-15 14:50:00+05:30,60.20000076293945,60.20000076293945,60.20000076293945,60.20000076293945,466
2021-06-15 14:51:00+05:30,60.20000076293945,60.20000076293945,60.20000076293945,60.20000076293945,0
2021-06-15 14:52:00+05:30,60.20000076293945,60.20000076293945,60.20000076293945,60.20000076293945,596
2021-06-15 14:53:00+05:30,60.20000076293945,60.20000076293945,60.20000076293945,60.20000076293945,0
2021-06-15 14:54:00+05:30,60.20000076293945,60.20000076293945,60.20000076293945,60.20000076293945,1349
2021-06-15 14:55:00+05:30,60.20000076293945,60.20000076293945,60.20000076293945,60.20000076293945,449
2021-06-15 14:56:00+05:30,60.20000076293945,60.20000076293945,60.20000076293945,60.20000076293945,0
2021-06-15 14:58:00+05:30,60.20000076293945,60.20000076293945,60.20000076293945,60.20000076293945,564
2021-06-15 14:59:00+05:30,60.20000076293945,60.20000076293945,60.20000076293945,60.20000076293945,3205
2021-06-15 15:00:00+05:30,60.20000076293945,60.20000076293945,60.20000076293945,60.20000076293945,0
2021-06-15 15:01:00+05:30,60.20000076293945,60.20000076293945,60.20000076293945,60.20000076293945,394
2021-06-15 15:02:00+05:30,60.20000076293945,60.20000076293945,60.20000076293945,60.20000076293945,0
2021-06-15 15:03:00+05:30,60.20000076293945,60.20000076293945,60.20000076293945,60.20000076293945,50
2021-06-15 15:07:00+05:30,60.20000076293945,60.20000076293945,60.20000076293945,60.20000076293945,180
2021-06-15 15:08:00+05:30,60.20000076293945,60.20000076293945,60.20000076293945,60.20000076293945,2154
2021-06-15 15:10:00+05:30,60.20000076293945,60.20000076293945,60.20000076293945,60.20000076293945,478
2021-06-15 15:11:00+05:30,60.20000076293945,60.20000076293945,60.20000076293945,60.20000076293945,300
2021-06-15 15:12:00+05:30,60.20000076293945,60.20000076293945,60.20000076293945,60.20000076293945,575
2021-06-15 15:13:00+05:30,60.20000076293945,60.20000076293945,60.20000076293945,60.20000076293945,1650
2021-06-15 15:14:00+05:30,60.20000076293945,60.20000076293945,60.20000076293945,60.20000076293945,3838
2021-06-15 15:15:00+05:30,60.20000076293945,60.20000076293945,60.20000076293945,60.20000076293945,0
2021-06-15 15:16:00+05:30,60.20000076293945,60.20000076293945,60.20000076293945,60.20000076293945,98
2021-06-15 15:17:00+05:30,60.20000076293945,60.20000076293945,60.20000076293945,60.20000076293945,1253
2021-06-15 15:18:00+05:30,60.20000076293945,60.20000076293945,60.20000076293945,60.20000076293945,472
2021-06-15 15:19:00+05:30,60.20000076293945,60.20000076293945,60.20000076293945,60.20000076293945,0
2021-06-15 15:20:00+05:30,60.20000076293945,60.20000076293945,60.20000076293945,60.20000076293945,598
2021-06-15 15:21:00+05:30,60.20000076293945,60.20000076293945,60.20000076293945,60.20000076293945,0
2021-06-15 15:22:00+05:30,60.20000076293945,60.20000076293945,60.20000076293945,60.20000076293945,281
2021-06-15 15:23:00+05:30,60.20000076293945,60.20000076293945,60.20000076293945,60.20000076293945,100
2021-06-15 15:24:00+05:30,60.20000076293945,60.20000076293945,60.20000076293945,60.20000076293945,150
2021-06-15 15:25:00+05:30,60.20000076293945,60.20000076293945,60.20000076293945,60.20000076293945,0
2021-06-15 15:27:00+05:30,60.20000076293945,60.20000076293945,60.20000076293945,60.20000076293945,1220
2021-06-15 15:28:00+05:30,60.20000076293945,60.20000076293945,60.20000076293945,60.20000076293945,411
2021-06-15 15:29:00+05:30,60.20000076293945,60.20000076293945,60.20000076293945,60.20000076293945,1775291
2021-06-16 09:15:00+05:30,58.45000076293945,58.650001525878906,57.75,58.0,0
2021-06-16 09:16:00+05:30,57.900001525878906,57.900001525878906,57.5,57.650001525878906,33839
2021-06-16 09:17:00+05:30,57.650001525878906,58.0,57.599998474121094,57.95000076293945,14113
2021-06-16 09:18:00+05:30,57.95000076293945,58.599998474121094,57.95000076293945,58.5,12150
2021-06-16 09:19:00+05:30,58.599998474121094,58.599998474121094,57.70000076293945,57.70000076293945,17257
2021-06-16 09:20:00+05:30,57.70000076293945,57.70000076293945,57.349998474121094,57.45000076293945,11998
2021-06-16 09:21:00+05:30,57.79999923706055,57.95000076293945,57.650001525878906,57.75,5166
2021-06-16 09:22:00+05:30,57.75,58.0,57.04999923706055,57.5,27991
2021-06-16 09:23:00+05:30,57.54999923706055,58.25,57.54999923706055,58.25,8695
2021-06-16 09:24:00+05:30,58.29999923706055,58.400001525878906,57.75,57.75,8975
2021-06-16 09:25:00+05:30,57.849998474121094,58.150001525878906,57.70000076293945,58.150001525878906,4995
2021-06-16 09:26:00+05:30,57.900001525878906,57.900001525878906,57.5,57.54999923706055,6134
2021-06-16 09:27:00+05:30,57.650001525878906,58.400001525878906,57.650001525878906,58.20000076293945,12457
2021-06-16 09:28:00+05:30,58.20000076293945,58.349998474121094,58.099998474121094,58.099998474121094,1762
2021-06-16 09:29:00+05:30,58.099998474121094,58.099998474121094,57.650001525878906,57.650001525878906,4519
2021-06-16 09:30:00+05:30,57.650001525878906,57.849998474121094,57.599998474121094,57.599998474121094,2373
2021-06-16 09:31:00+05:30,58.400001525878906,58.400001525878906,58.150001525878906,58.150001525878906,4918
2021-06-16 09:32:00+05:30,57.849998474121094,58.20000076293945,57.650001525878906,57.650001525878906,4248
2021-06-16 09:33:00+05:30,57.70000076293945,58.0,57.54999923706055,57.849998474121094,2703
2021-06-16 09:34:00+05:30,58.400001525878906,59.0,58.0,58.849998474121094,28376
2021-06-16 09:35:00+05:30,58.849998474121094,59.20000076293945,58.849998474121094,59.099998474121094,8804
2021-06-16 09:36:00+05:30,58.95000076293945,59.0,58.650001525878906,58.650001525878906,1470
2021-06-16 09:37:00+05:30,58.650001525878906,59.349998474121094,58.599998474121094,59.0,7202
2021-06-16 09:38:00+05:30,59.04999923706055,59.150001525878906,58.70000076293945,59.150001525878906,2153
2021-06-16 09:39:00+05:30,59.20000076293945,59.29999923706055,58.95000076293945,59.20000076293945,2437
2021-06-16 09:40:00+05:30,59.20000076293945,59.25,58.599998474121094,59.099998474121094,5137
2021-06-16 09:41:00+05:30,59.0,59.04999923706055,58.70000076293945,58.70000076293945,2500
2021-06-16 09:42:00+05:30,58.70000076293945,58.75,58.54999923706055,58.70000076293945,2706
2021-06-16 09:43:00+05:30,58.54999923706055,58.70000076293945,58.5,58.70000076293945,3570
2021-06-16 09:44:00+05:30,58.75,58.75,58.20000076293945,58.20000076293945,2788
2021-06-16 09:45:00+05:30,58.20000076293945,58.25,58.0,58.0,4642
2021-06-16 09:46:00+05:30,57.79999923706055,57.95000076293945,57.79999923706055,57.900001525878906,381
2021-06-16 09:47:00+05:30,58.0,58.0,57.79999923706055,57.79999923706055,2186
2021-06-16 09:48:00+05:30,57.95000076293945,57.95000076293945,57.75,57.849998474121094,1296
2021-06-16 09:49:00+05:30,57.95000076293945,57.95000076293945,57.70000076293945,57.75,948
2021-06-16 09:50:00+05:30,57.650001525878906,58.0,57.650001525878906,58.0,1699
2021-06-16 09:51:00+05:30,58.099998474121094,58.25,57.900001525878906,58.25,4072
2021-06-16 09:52:00+05:30,58.45000076293945,58.45000076293945,58.25,58.45000076293945,1487
2021-06-16 09:53:00+05:30,58.25,58.25,57.70000076293945,57.70000076293945,5382
2021-06-16 09:54:00+05:30,57.70000076293945,57.849998474121094,57.70000076293945,57.70000076293945,542
2021-06-16 09:55:00+05:30,57.79999923706055,58.0,57.79999923706055,57.79999923706055,2712
2021-06-16 09:56:00+05:30,58.0,58.0,57.79999923706055,57.79999923706055,1766
2021-06-16 09:57:00+05:30,57.75,57.75,57.54999923706055,57.54999923706055,1184
2021-06-16 09:58:00+05:30,57.54999923706055,57.599998474121094,57.5,57.599998474121094,3567
2021-06-16 09:59:00+05:30,57.599998474121094,57.70000076293945,57.5,57.70000076293945,2014
2021-06-16 10:00:00+05:30,57.79999923706055,57.79999923706055,57.599998474121094,57.70000076293945,252
2021-06-16 10:01:00+05:30,57.599998474121094,57.599998474121094,57.54999923706055,57.54999923706055,957
2021-06-16 10:02:00+05:30,57.5,57.54999923706055,57.5,57.54999923706055,636
2021-06-16 10:03:00+05:30,57.75,57.79999923706055,57.54999923706055,57.54999923706055,1745
2021-06-16 10:04:00+05:30,57.75,57.79999923706055,57.75,57.79999923706055,58
2021-06-16 10:05:00+05:30,57.79999923706055,57.79999923706055,57.599998474121094,57.75,24
2021-06-16 10:06:00+05:30,57.75,57.75,57.5,57.5,588
2021-06-16 10:07:00+05:30,57.5,57.5,56.54999923706055,56.70000076293945,22875
2021-06-16 10:08:00+05:30,57.0,57.0,56.70000076293945,56.79999923706055,5811
2021-06-16 10:09:00+05:30,56.79999923706055,56.900001525878906,56.79999923706055,56.900001525878906,497
2021-06-16 10:10:00+05:30,56.900001525878906,57.20000076293945,56.650001525878906,57.20000076293945,3876
2021-06-16 10:11:00+05:30,57.0,57.0,56.75,56.75,469
2021-06-16 10:12:00+05:30,56.95000076293945,56.95000076293945,56.75,56.79999923706055,1776
2021-06-16 10:13:00+05:30,56.79999923706055,57.0,56.75,56.900001525878906,3737
2021-06-16 10:14:00+05:30,56.900001525878906,57.04999923706055,56.849998474121094,57.0,1240
2021-06-16 10:15:00+05:30,57.0,57.25,56.900001525878906,57.25,3207
2021-06-16 10:16:00+05:30,57.45000076293945,58.20000076293945,57.45000076293945,58.20000076293945,13147
2021-06-16 10:17:00+05:30,58.29999923706055,59.79999923706055,58.29999923706055,59.54999923706055,36132
2021-06-16 10:18:00+05:30,59.599998474121094,60.349998474121094,59.5,60.20000076293945,60418
2021-06-16 10:19:00+05:30,60.20000076293945,60.20000076293945,59.79999923706055,60.150001525878906,12516
2021-06-16 10:20:00+05:30,59.900001525878906,60.650001525878906,59.79999923706055,60.650001525878906,22193
2021-06-16 10:21:00+05:30,60.849998474121094,61.70000076293945,60.75,61.70000076293945,51968
2021-06-16 10:22:00+05:30,61.650001525878906,61.650001525878906,60.54999923706055,60.75,32451
2021-06-16 10:23:00+05:30,60.95000076293945,60.95000076293945,60.099998474121094,60.25,26146
2021-06-16 10:24:00+05:30,60.29999923706055,60.650001525878906,60.20000076293945,60.25,11523
2021-06-16 10:25:00+05:30,59.900001525878906,59.900001525878906,58.95000076293945,59.5,20793
2021-06-16 10:26:00+05:30,59.75,59.75,59.349998474121094,59.650001525878906,3386
2021-06-16 10:27:00+05:30,59.70000076293945,59.900001525878906,59.25,59.25,3702
2021-06-16 10:28:00+05:30,59.5,59.650001525878906,59.29999923706055,59.599998474121094,2926
2021-06-16 10:29:00+05:30,59.5,59.54999923706055,59.04999923706055,59.04999923706055,4772
2021-06-16 10:30:00+05:30,59.349998474121094,59.349998474121094,58.70000076293945,58.70000076293945,3669
2021-06-16 10:31:00+05:30,58.79999923706055,58.79999923706055,58.29999923706055,58.5,20169
2021-06-16 10:32:00+05:30,58.75,59.0,58.75,58.79999923706055,5115
2021-06-16 10:33:00+05:30,58.75,58.79999923706055,58.650001525878906,58.79999923706055,2156
2021-06-16 10:34:00+05:30,58.79999923706055,58.79999923706055,58.70000076293945,58.75,1645
2021-06-16 10:35:00+05:30,58.70000076293945,58.75,58.29999923706055,58.54999923706055,7894
2021-06-16 10:36:00+05:30,58.75,58.75,58.70000076293945,58.75,421
2021-06-16 10:37:00+05:30,58.75,58.79999923706055,58.599998474121094,58.599998474121094,2212
2021-06-16 10:38:00+05:30,58.599998474121094,58.599998474121094,58.20000076293945,58.20000076293945,943
2021-06-16 10:39:00+05:30,58.349998474121094,58.400001525878906,58.099998474121094,58.25,818
2021-06-16 10:40:00+05:30,58.349998474121094,58.45000076293945,58.25,58.45000076293945,2052
2021-06-16 10:41:00+05:30,58.0,58.25,58.0,58.099998474121094,5487
2021-06-16 10:42:00+05:30,58.20000076293945,58.29999923706055,58.150001525878906,58.29999923706055,1240
2021-06-16 10:43:00+05:30,58.29999923706055,58.29999923706055,58.25,58.29999923706055,4091
2021-06-16 10:44:00+05:30,58.29999923706055,58.599998474121094,58.25,58.599998474121094,1256
2021-06-16 10:45:00+05:30,58.599998474121094,58.70000076293945,58.400001525878906,58.5,892
2021-06-16 10:46:00+05:30,58.400001525878906,58.599998474121094,58.400001525878906,58.5,638
2021-06-16 10:47:00+05:30,58.400001525878906,58.400001525878906,58.400001525878906,58.400001525878906,521
2021-06-16 10:48:00+05:30,58.5,58.5,58.400001525878906,58.45000076293945,520
2021-06-16 10:49:00+05:30,58.45000076293945,58.5,58.25,58.5,1485
2021-06-16 10:50:00+05:30,58.29999923706055,58.5,57.79999923706055,57.79999923706055,6879
2021-06-16 10:51:00+05:30,57.849998474121094,57.849998474121094,57.5,57.5,4733
2021-06-16 10:52:00+05:30,57.54999923706055,57.599998474121094,57.45000076293945,57.599998474121094,1591
2021-06-16 10:53:00+05:30,57.599998474121094,57.599998474121094,57.400001525878906,57.400001525878906,2621
2021-06-16 10:54:00+05:30,57.54999923706055,57.599998474121094,57.400001525878906,57.599998474121094,2538
2021-06-16 10:55:00+05:30,57.599998474121094,57.599998474121094,57.150001525878906,57.400001525878906,2826
2021-06-16 10:56:00+05:30,57.400001525878906,57.400001525878906,57.0,57.0,5086
2021-06-16 10:57:00+05:30,57.0,57.650001525878906,57.0,57.650001525878906,2178
2021-06-16 10:58:00+05:30,57.54999923706055,57.79999923706055,57.54999923706055,57.650001525878906,725
2021-06-16 10:59:00+05:30,57.599998474121094,57.599998474121094,57.150001525878906,57.349998474121094,2531
2021-06-16 11:00:00+05:30,57.099998474121094,57.400001525878906,57.099998474121094,57.400001525878906,83
2021-06-16 11:01:00+05:30,57.599998474121094,57.70000076293945,57.54999923706055,57.70000076293945,947
2021-06-16 11:02:00+05:30,57.70000076293945,57.79999923706055,57.20000076293945,57.20000076293945,4390
2021-06-16 11:03:00+05:30,57.5,57.70000076293945,57.5,57.599998474121094,287
2021-06-16 11:04:00+05:30,57.650001525878906,57.650001525878906,57.650001525878906,57.650001525878906,233
2021-06-16 11:05:00+05:30,57.70000076293945,57.900001525878906,57.70000076293945,57.900001525878906,1345
2021-06-16 11:06:00+05:30,57.75,58.0,57.75,58.0,1318
2021-06-16 11:07:00+05:30,58.0,58.0,57.95000076293945,58.0,353
2021-06-16 11:08:00+05:30,57.95000076293945,58.20000076293945,57.79999923706055,58.20000076293945,2400
2021-06-16 11:09:00+05:30,58.20000076293945,58.20000076293945,58.20000076293945,58.20000076293945,690
2021-06-16 11:10:00+05:30,58.150001525878906,58.400001525878906,58.150001525878906,58.25,2341
2021-06-16 11:11:00+05:30,58.29999923706055,58.400001525878906,58.150001525878906,58.150001525878906,1821
2021-06-16 11:12:00+05:30,58.20000076293945,58.20000076293945,58.20000076293945,58.20000076293945,983
2021-06-16 11:13:00+05:30,58.45000076293945,58.45000076293945,58.29999923706055,58.29999923706055,1101
2021-06-16 11:14:00+05:30,58.20000076293945,58.400001525878906,58.150001525878906,58.400001525878906,1574
2021-06-16 11:15:00+05:30,58.099998474121094,58.25,58.0,58.25,166
2021-06-16 11:16:00+05:30,58.29999923706055,58.349998474121094,58.150001525878906,58.349998474121094,1268
2021-06-16 11:17:00+05:30,58.0,58.349998474121094,58.0,58.099998474121094,6360
2021-06-16 11:18:00+05:30,58.0,58.0,57.900001525878906,58.0,260
2021-06-16 11:19:00+05:30,58.099998474121094,58.150001525878906,57.900001525878906,58.150001525878906,1235
2021-06-16 11:20:00+05:30,58.20000076293945,58.20000076293945,58.04999923706055,58.04999923706055,52
2021-06-16 11:21:00+05:30,58.20000076293945,58.20000076293945,58.04999923706055,58.04999923706055,36
2021-06-16 11:22:00+05:30,57.900001525878906,58.20000076293945,57.900001525878906,58.20000076293945,823
2021-06-16 11:23:00+05:30,58.099998474121094,58.099998474121094,58.099998474121094,58.099998474121094,61
2021-06-16 11:24:00+05:30,58.29999923706055,58.29999923706055,58.29999923706055,58.29999923706055,1078
2021-06-16 11:25:00+05:30,58.20000076293945,58.20000076293945,58.20000076293945,58.20000076293945,227
2021-06-16 11:26:00+05:30,58.20000076293945,58.20000076293945,58.099998474121094,58.20000076293945,1155
2021-06-16 11:27:00+05:30,58.20000076293945,58.45000076293945,58.20000076293945,58.29999923706055,583
2021-06-16 11:28:00+05:30,58.400001525878906,58.400001525878906,58.400001525878906,58.400001525878906,201
2021-06-16 11:30:00+05:30,58.29999923706055,58.29999923706055,58.29999923706055,58.29999923706055,173
2021-06-16 11:31:00+05:30,58.29999923706055,58.29999923706055,58.29999923706055,58.29999923706055,3
2021-06-16 11:32:00+05:30,58.29999923706055,58.349998474121094,58.25,58.349998474121094,1907
2021-06-16 11:33:00+05:30,58.25,58.349998474121094,58.25,58.349998474121094,169
2021-06-16 11:34:00+05:30,58.349998474121094,58.400001525878906,58.349998474121094,58.400001525878906,322
2021-06-16 11:35:00+05:30,58.45000076293945,58.45000076293945,58.29999923706055,58.29999923706055,0
2021-06-16 11:36:00+05:30,58.400001525878906,58.400001525878906,58.400001525878906,58.400001525878906,59
2021-06-16 11:37:00+05:30,58.45000076293945,58.45000076293945,58.349998474121094,58.349998474121094,342
2021-06-16 11:38:00+05:30,58.5,58.5,58.349998474121094,58.349998474121094,2594
2021-06-16 11:39:00+05:30,58.45000076293945,58.70000076293945,58.45000076293945,58.70000076293945,2816
2021-06-16 11:40:00+05:30,58.75,58.79999923706055,58.599998474121094,58.650001525878906,1451
2021-06-16 11:41:00+05:30,58.75,58.75,58.75,58.75,118
2021-06-16 11:42:00+05:30,58.5,58.599998474121094,58.5,58.599998474121094,301
2021-06-16 11:43:00+05:30,58.5,58.650001525878906,58.5,58.54999923706055,6934
2021-06-16 11:44:00+05:30,58.54999923706055,58.599998474121094,58.400001525878906,58.5,702
2021-06-16 11:45:00+05:30,58.599998474121094,58.650001525878906,58.599998474121094,58.650001525878906,2275
2021-06-16 11:46:00+05:30,58.45000076293945,58.54999923706055,58.400001525878906,58.54999923706055,1342
2021-06-16 11:47:00+05:30,58.54999923706055,58.599998474121094,58.54999923706055,58.599998474121094,0
2021-06-16 11:48:00+05:30,58.650001525878906,58.79999923706055,58.650001525878906,58.79999923706055,402
2021-06-16 11:49:00+05:30,58.79999923706055,59.0,58.79999923706055,59.0,3904
2021-06-16 11:50:00+05:30,58.900001525878906,59.0,58.79999923706055,58.79999923706055,887
2021-06-16 11:51:00+05:30,58.79999923706055,58.900001525878906,58.79999923706055,58.900001525878906,1683
2021-06-16 11:52:00+05:30,58.75,58.75,58.45000076293945,58.599998474121094,5013
2021-06-16 11:53:00+05:30,58.400001525878906,58.400001525878906,58.400001525878906,58.400001525878906,183
2021-06-16 11:54:00+05:30,58.45000076293945,58.45000076293945,58.45000076293945,58.45000076293945,248
2021-06-16 11:55:00+05:30,58.45000076293945,58.45000076293945,58.400001525878906,58.400001525878906,249
2021-06-16 11:56:00+05:30,58.349998474121094,58.70000076293945,58.349998474121094,58.70000076293945,987
2021-06-16 11:57:00+05:30,58.599998474121094,58.599998474121094,58.599998474121094,58.599998474121094,550
2021-06-16 11:58:00+05:30,58.599998474121094,58.650001525878906,58.150001525878906,58.150001525878906,14409
2021-06-16 11:59:00+05:30,57.900001525878906,58.150001525878906,57.79999923706055,58.0,877
2021-06-16 12:00:00+05:30,58.0,58.29999923706055,58.0,58.29999923706055,791
2021-06-16 12:01:00+05:30,58.099998474121094,58.20000076293945,58.099998474121094,58.099998474121094,964
2021-06-16 12:02:00+05:30,58.099998474121094,58.099998474121094,58.099998474121094,58.099998474121094,55
2021-06-16 12:03:00+05:30,58.099998474121094,58.150001525878906,58.099998474121094,58.150001525878906,537
2021-06-16 12:04:00+05:30,58.20000076293945,58.20000076293945,58.20000076293945,58.20000076293945,268
2021-06-16 12:05:00+05:30,58.150001525878906,58.20000076293945,57.849998474121094,57.849998474121094,4477
2021-06-16 12:06:00+05:30,57.900001525878906,57.900001525878906,57.400001525878906,57.5,12319
2021-06-16 12:07:00+05:30,57.5,57.599998474121094,57.400001525878906,57.400001525878906,2396
2021-06-16 12:08:00+05:30,57.599998474121094,57.650001525878906,57.349998474121094,57.400001525878906,2687
2021-06-16 12:09:00+05:30,57.5,57.650001525878906,57.29999923706055,57.650001525878906,2796
2021-06-16 12:10:00+05:30,57.70000076293945,57.70000076293945,57.54999923706055,57.54999923706055,1194
2021-06-16 12:11:00+05:30,57.75,57.75,57.5,57.75,294
2021-06-16 12:12:00+05:30,57.75,57.79999923706055,57.650001525878906,57.79999923706055,297
2021-06-16 12:13:00+05:30,57.79999923706055,57.79999923706055,57.79999923706055,57.79999923706055,27
2021-06-16 12:14:00+05:30,57.79999923706055,57.79999923706055,57.70000076293945,57.75,70
2021-06-16 12:15:00+05:30,57.70000076293945,57.75,57.70000076293945,57.75,1685
2021-06-16 12:16:00+05:30,57.75,57.75,57.75,57.75,764
2021-06-16 12:17:00+05:30,57.5,57.5,57.400001525878906,57.400001525878906,2957
2021-06-16 12:18:00+05:30,57.5,57.5,57.20000076293945,57.29999923706055,3945
2021-06-16 12:19:00+05:30,57.349998474121094,57.349998474121094,57.349998474121094,57.349998474121094,194
2021-06-16 12:20:00+05:30,57.25,57.29999923706055,57.25,57.29999923706055,292
2021-06-16 12:21:00+05:30,57.29999923706055,57.45000076293945,57.29999923706055,57.29999923706055,276
2021-06-16 12:22:00+05:30,57.5,57.54999923706055,57.349998474121094,57.54999923706055,236
2021-06-16 12:24:00+05:30,57.5,57.5,57.349998474121094,57.5,258
2021-06-16 12:25:00+05:30,57.349998474121094,57.5,57.349998474121094,57.5,191
2021-06-16 12:26:00+05:30,57.45000076293945,57.5,57.45000076293945,57.5,506
2021-06-16 12:27:00+05:30,57.5,57.5,57.5,57.5,82
2021-06-16 12:28:00+05:30,57.54999923706055,57.54999923706055,57.5,57.5,300
2021-06-16 12:29:00+05:30,57.54999923706055,57.54999923706055,57.5,57.5,0
2021-06-16 12:30:00+05:30,57.54999923706055,57.54999923706055,57.54999923706055,57.54999923706055,534
2021-06-16 12:32:00+05:30,57.70000076293945,57.70000076293945,57.70000076293945,57.70000076293945,5878
2021-06-16 12:34:00+05:30,57.70000076293945,57.70000076293945,57.70000076293945,57.70000076293945,41
2021-06-16 12:35:00+05:30,57.70000076293945,57.70000076293945,57.70000076293945,57.70000076293945,181
2021-06-16 12:38:00+05:30,57.54999923706055,57.54999923706055,57.54999923706055,57.54999923706055,82
2021-06-16 12:39:00+05:30,57.54999923706055,57.70000076293945,57.54999923706055,57.70000076293945,738
2021-06-16 12:40:00+05:30,57.70000076293945,57.70000076293945,57.400001525878906,57.400001525878906,1822
2021-06-16 12:41:00+05:30,57.400001525878906,57.400001525878906,57.099998474121094,57.099998474121094,668
2021-06-16 12:42:00+05:30,57.25,57.25,57.099998474121094,57.20000076293945,850
2021-06-16 12:43:00+05:30,57.29999923706055,57.400001525878906,57.20000076293945,57.20000076293945,466
2021-06-16 12:44:00+05:30,57.25,57.25,57.20000076293945,57.20000076293945,5
2021-06-16 12:45:00+05:30,57.20000076293945,57.29999923706055,57.20000076293945,57.29999923706055,197
2021-06-16 12:46:00+05:30,57.349998474121094,57.349998474121094,57.20000076293945,57.20000076293945,248
2021-06-16 12:47:00+05:30,57.29999923706055,57.29999923706055,57.20000076293945,57.20000076293945,39
2021-06-16 12:48:00+05:30,57.20000076293945,57.400001525878906,57.04999923706055,57.04999923706055,434
2021-06-16 12:49:00+05:30,57.04999923706055,57.29999923706055,57.04999923706055,57.29999923706055,202
2021-06-16 12:50:00+05:30,57.20000076293945,57.400001525878906,57.20000076293945,57.29999923706055,274
2021-06-16 12:51:00+05:30,57.29999923706055,57.400001525878906,57.25,57.29999923706055,161
2021-06-16 12:53:00+05:30,57.54999923706055,57.599998474121094,57.5,57.5,1414
2021-06-16 12:54:00+05:30,57.5,57.5,57.400001525878906,57.400001525878906,525
2021-06-16 12:55:00+05:30,57.400001525878906,57.400001525878906,57.349998474121094,57.349998474121094,6
2021-06-16 12:56:00+05:30,57.29999923706055,57.29999923706055,57.29999923706055,57.29999923706055,134
2021-06-16 12:57:00+05:30,57.599998474121094,57.599998474121094,57.400001525878906,57.400001525878906,108
2021-06-16 12:58:00+05:30,57.54999923706055,57.54999923706055,57.400001525878906,57.400001525878906,316
2021-06-16 13:00:00+05:30,57.599998474121094,57.599998474121094,57.400001525878906,57.400001525878906,158
2021-06-16 13:01:00+05:30,57.099998474121094,57.45000076293945,57.099998474121094,57.45000076293945,1880
2021-06-16 13:02:00+05:30,57.400001525878906,57.400001525878906,57.20000076293945,57.20000076293945,91
2021-06-16 13:04:00+05:30,57.45000076293945,57.45000076293945,57.45000076293945,57.45000076293945,100
2021-06-16 13:05:00+05:30,57.29999923706055,57.29999923706055,57.29999923706055,57.29999923706055,484
2021-06-16 13:06:00+05:30,57.400001525878906,57.400001525878906,57.400001525878906,57.400001525878906,0
2021-06-16 13:07:00+05:30,57.5,57.5,57.349998474121094,57.349998474121094,321
2021-06-16 13:08:00+05:30,57.45000076293945,57.45000076293945,57.45000076293945,57.45000076293945,100
2021-06-16 13:10:00+05:30,57.400001525878906,57.400001525878906,57.400001525878906,57.400001525878906,0
2021-06-16 13:11:00+05:30,57.45000076293945,57.599998474121094,57.45000076293945,57.599998474121094,238
2021-06-16 13:13:00+05:30,57.650001525878906,57.70000076293945,57.650001525878906,57.70000076293945,4316
2021-06-16 13:14:00+05:30,57.650001525878906,57.650001525878906,57.650001525878906,57.650001525878906,0
2021-06-16 13:16:00+05:30,57.70000076293945,57.70000076293945,57.70000076293945,57.70000076293945,2038
2021-06-16 13:17:00+05:30,57.70000076293945,57.70000076293945,57.70000076293945,57.70000076293945,0
2021-06-16 13:18:00+05:30,57.54999923706055,57.54999923706055,57.54999923706055,57.54999923706055,1202
2021-06-16 13:19:00+05:30,57.70000076293945,57.70000076293945,57.70000076293945,57.70000076293945,0
2021-06-16 13:20:00+05:30,57.70000076293945,57.70000076293945,57.70000076293945,57.70000076293945,610
2021-06-16 13:22:00+05:30,57.599998474121094,57.599998474121094,57.599998474121094,57.599998474121094,0
2021-06-16 13:24:00+05:30,57.650001525878906,57.650001525878906,57.650001525878906,57.650001525878906,35
2021-06-16 13:25:00+05:30,57.599998474121094,57.599998474121094,57.599998474121094,57.599998474121094,107
2021-06-16 13:26:00+05:30,57.95000076293945,57.95000076293945,57.75,57.75,3606
2021-06-16 13:27:00+05:30,57.849998474121094,57.849998474121094,57.849998474121094,57.849998474121094,112
2021-06-16 13:28:00+05:30,57.75,57.75,57.75,57.75,350
2021-06-16 13:29:00+05:30,57.75,57.75,57.599998474121094,57.599998474121094,115
2021-06-16 13:33:00+05:30,57.75,57.900001525878906,57.75,57.900001525878906,1337
2021-06-16 13:34:00+05:30,57.70000076293945,57.70000076293945,57.70000076293945,57.70000076293945,54
2021-06-16 13:36:00+05:30,57.650001525878906,57.650001525878906,57.650001525878906,57.650001525878906,84
2021-06-16 13:37:00+05:30,57.650001525878906,57.650001525878906,57.599998474121094,57.599998474121094,484
2021-06-16 13:38:00+05:30,57.54999923706055,57.54999923706055,57.5,57.5,435
2021-06-16 13:39:00+05:30,57.5,57.5,57.5,57.5,1214
2021-06-16 13:40:00+05:30,57.5,57.5,57.5,57.5,754
2021-06-16 13:41:00+05:30,57.650001525878906,57.650001525878906,57.650001525878906,57.650001525878906,0
2021-06-16 13:43:00+05:30,57.75,57.75,57.75,57.75,2924
2021-06-16 13:44:00+05:30,57.75,57.75,57.75,57.75,0
2021-06-16 13:46:00+05:30,57.79999923706055,57.79999923706055,57.75,57.75,400
2021-06-16 13:49:00+05:30,57.900001525878906,57.900001525878906,57.79999923706055,57.900001525878906,296
2021-06-16 13:50:00+05:30,57.900001525878906,57.95000076293945,57.900001525878906,57.95000076293945,223
2021-06-16 13:51:00+05:30,57.849998474121094,57.849998474121094,57.849998474121094,57.849998474121094,121
2021-06-16 13:52:00+05:30,57.849998474121094,57.849998474121094,57.849998474121094,57.849998474121094,500
2021-06-16 13:53:00+05:30,57.900001525878906,57.900001525878906,57.900001525878906,57.900001525878906,821
2021-06-16 13:54:00+05:30,57.95000076293945,57.95000076293945,57.79999923706055,57.79999923706055,0
2021-06-16 13:55:00+05:30,57.79999923706055,57.79999923706055,57.79999923706055,57.79999923706055,0
2021-06-16 13:56:00+05:30,57.79999923706055,57.900001525878906,57.79999923706055,57.900001525878906,649
2021-06-16 13:57:00+05:30,57.95000076293945,57.95000076293945,57.70000076293945,57.70000076293945,698
2021-06-16 13:58:00+05:30,57.70000076293945,57.70000076293945,57.70000076293945,57.70000076293945,16
2021-06-16 14:01:00+05:30,57.900001525878906,57.900001525878906,57.900001525878906,57.900001525878906,268
2021-06-16 14:02:00+05:30,57.900001525878906,57.900001525878906,57.70000076293945,57.900001525878906,803
2021-06-16 14:04:00+05:30,57.95000076293945,57.95000076293945,57.900001525878906,57.95000076293945,0
2021-06-16 14:05:00+05:30,57.900001525878906,57.95000076293945,57.900001525878906,57.95000076293945,147
2021-06-16 14:06:00+05:30,57.95000076293945,57.95000076293945,57.95000076293945,57.95000076293945,709
2021-06-16 14:07:00+05:30,57.95000076293945,57.95000076293945,57.95000076293945,57.95000076293945,542
2021-06-16 14:10:00+05:30,57.900001525878906,57.900001525878906,57.900001525878906,57.900001525878906,0
2021-06-16 14:12:00+05:30,57.900001525878906,57.900001525878906,57.900001525878906,57.900001525878906,100
2021-06-16 14:15:00+05:30,57.900001525878906,57.900001525878906,57.75,57.75,302
2021-06-16 14:16:00+05:30,57.75,57.75,57.75,57.75,4
2021-06-16 14:17:00+05:30,57.75,58.099998474121094,57.75,58.099998474121094,2519
2021-06-16 14:18:00+05:30,58.20000076293945,58.20000076293945,58.20000076293945,58.20000076293945,194
2021-06-16 14:19:00+05:30,58.099998474121094,58.20000076293945,58.099998474121094,58.20000076293945,618
2021-06-16 14:20:00+05:30,58.20000076293945,58.349998474121094,58.20000076293945,58.349998474121094,196
2021-06-16 14:21:00+05:30,58.349998474121094,58.349998474121094,57.95000076293945,57.95000076293945,2192
2021-06-16 14:22:00+05:30,57.900001525878906,58.20000076293945,57.79999923706055,58.20000076293945,4014
2021-06-16 14:23:00+05:30,58.20000076293945,58.20000076293945,58.20000076293945,58.20000076293945,50
2021-06-16 14:25:00+05:30,58.20000076293945,58.25,58.20000076293945,58.25,351
2021-06-16 14:26:00+05:30,58.0,58.0,58.0,58.0,1087
2021-06-16 14:27:00+05:30,57.900001525878906,58.0,57.900001525878906,58.0,0
2021-06-16 14:28:00+05:30,58.0,58.0,58.0,58.0,6
2021-06-16 14:30:00+05:30,58.150001525878906,58.150001525878906,58.150001525878906,58.150001525878906,43
2021-06-16 14:31:00+05:30,58.0,58.0,58.0,58.0,191
2021-06-16 14:32:00+05:30,58.0,58.099998474121094,58.0,58.099998474121094,113
2021-06-16 14:33:00+05:30,58.099998474121094,58.099998474121094,58.04999923706055,58.04999923706055,61
2021-06-16 14:34:00+05:30,58.150001525878906,58.150001525878906,58.150001525878906,58.150001525878906,98
2021-06-16 14:35:00+05:30,58.150001525878906,58.150001525878906,58.04999923706055,58.04999923706055,211
2021-06-16 14:36:00+05:30,58.0,58.0,58.0,58.0,262
2021-06-16 14:37:00+05:30,58.150001525878906,58.150001525878906,57.900001525878906,58.150001525878906,527
2021-06-16 14:38:00+05:30,58.0,58.0,57.900001525878906,57.900001525878906,477
2021-06-16 14:39:00+05:30,57.849998474121094,57.849998474121094,57.650001525878906,57.650001525878906,618
2021-06-16 14:40:00+05:30,57.650001525878906,57.650001525878906,57.650001525878906,57.650001525878906,99
2021-06-16 14:41:00+05:30,57.5,57.650001525878906,57.099998474121094,57.25,7552
2021-06-16 14:42:00+05:30,57.400001525878906,57.400001525878906,57.400001525878906,57.400001525878906,103
2021-06-16 14:43:00+05:30,57.5,57.650001525878906,57.5,57.650001525878906,1203
2021-06-16 14:46:00+05:30,57.650001525878906,57.70000076293945,57.5,57.70000076293945,1083
2021-06-16 14:47:00+05:30,57.79999923706055,57.79999923706055,57.650001525878906,57.650001525878906,1022
2021-06-16 14:48:00+05:30,57.650001525878906,57.70000076293945,57.650001525878906,57.70000076293945,206
2021-06-16 14:49:00+05:30,57.70000076293945,57.70000076293945,57.70000076293945,57.70000076293945,195
2021-06-16 14:50:00+05:30,57.75,57.75,57.70000076293945,57.70000076293945,5
2021-06-16 14:51:00+05:30,57.79999923706055,57.849998474121094,57.79999923706055,57.79999923706055,8656
2021-06-16 14:52:00+05:30,58.04999923706055,58.099998474121094,58.0,58.0,2075
2021-06-16 14:53:00+05:30,58.0,58.04999923706055,58.0,58.04999923706055,1405
2021-06-16 14:54:00+05:30,58.0,58.04999923706055,58.0,58.0,2478
2021-06-16 14:55:00+05:30,57.75,57.75,57.54999923706055,57.54999923706055,275
2021-06-16 14:56:00+05:30,57.5,57.5,57.5,57.5,600
2021-06-16 14:57:00+05:30,57.5,57.650001525878906,57.5,57.650001525878906,107
2021-06-16 14:58:00+05:30,57.70000076293945,58.0,57.70000076293945,58.0,1609
2021-06-16 14:59:00+05:30,57.45000076293945,57.5,57.45000076293945,57.5,605
2021-06-16 15:00:00+05:30,57.400001525878906,57.400001525878906,57.25,57.25,190
2021-06-16 15:01:00+05:30,57.25,57.25,57.04999923706055,57.04999923706055,4754
2021-06-16 15:02:00+05:30,57.150001525878906,57.150001525878906,57.150001525878906,57.150001525878906,820
2021-06-16 15:03:00+05:30,57.04999923706055,57.400001525878906,57.04999923706055,57.400001525878906,2813
2021-06-16 15:04:00+05:30,57.400001525878906,57.400001525878906,57.20000076293945,57.20000076293945,1033
2021-06-16 15:05:00+05:30,57.25,57.25,57.150001525878906,57.150001525878906,3511
2021-06-16 15:06:00+05:30,57.25,57.25,57.25,57.25,0
2021-06-16 15:07:00+05:30,57.25,57.5,57.25,57.5,1919
2021-06-16 15:08:00+05:30,57.29999923706055,57.29999923706055,57.29999923706055,57.29999923706055,234
2021-06-16 15:09:00+05:30,57.400001525878906,57.5,57.400001525878906,57.5,257
2021-06-16 15:10:00+05:30,57.29999923706055,57.29999923706055,57.29999923706055,57.29999923706055,47
2021-06-16 15:11:00+05:30,57.29999923706055,57.29999923706055,57.25,57.29999923706055,1036
2021-06-16 15:12:00+05:30,57.25,57.29999923706055,57.150001525878906,57.150001525878906,0
2021-06-16 15:13:00+05:30,57.29999923706055,57.29999923706055,57.20000076293945,57.20000076293945,1345
2021-06-16 15:14:00+05:30,57.20000076293945,57.25,57.20000076293945,57.25,165
2021-06-16 15:15:00+05:30,57.25,57.400001525878906,57.25,57.29999923706055,2529
2021-06-16 15:16:00+05:30,57.29999923706055,57.400001525878906,57.29999923706055,57.400001525878906,0
2021-06-16 15:17:00+05:30,57.29999923706055,57.29999923706055,57.29999923706055,57.29999923706055,4655
2021-06-16 15:18:00+05:30,57.29999923706055,57.349998474121094,57.150001525878906,57.150001525878906,1618
2021-06-16 15:19:00+05:30,57.29999923706055,57.29999923706055,57.150001525878906,57.25,1259
2021-06-16 15:20:00+05:30,57.099998474121094,57.20000076293945,57.04999923706055,57.04999923706055,2000
2021-06-16 15:21:00+05:30,57.150001525878906,57.150001525878906,57.04999923706055,57.04999923706055,4059
2021-06-16 15:22:00+05:30,57.04999923706055,57.150001525878906,57.0,57.099998474121094,2584
2021-06-16 15:23:00+05:30,57.150001525878906,57.29999923706055,57.0,57.29999923706055,6082
2021-06-16 15:24:00+05:30,57.5,57.95000076293945,57.5,57.54999923706055,11741
2021-06-16 15:25:00+05:30,57.45000076293945,57.75,57.400001525878906,57.599998474121094,171
2021-06-16 15:26:00+05:30,57.70000076293945,57.70000076293945,57.54999923706055,57.54999923706055,2176
2021-06-16 15:27:00+05:30,57.5,57.650001525878906,57.5,57.54999923706055,141
2021-06-16 15:28:00+05:30,57.599998474121094,57.599998474121094,57.29999923706055,57.29999923706055,2091
2021-06-16 15:29:00+05:30,57.29999923706055,57.45000076293945,57.20000076293945,57.45000076293945,3231
2021-06-17 15:29:00+05:30,61.45000076293945,61.45000076293945,61.45000076293945,61.45000076293945,0
2021-06-18 09:15:00+05:30,62.45000076293945,62.900001525878906,62.45000076293945,62.900001525878906,6794
2021-06-18 09:16:00+05:30,62.45000076293945,62.79999923706055,62.45000076293945,62.79999923706055,1286
2021-06-18 09:17:00+05:30,62.900001525878906,62.900001525878906,62.599998474121094,62.650001525878906,2101
2021-06-18 09:18:00+05:30,62.79999923706055,62.79999923706055,62.54999923706055,62.70000076293945,1602
2021-06-18 09:19:00+05:30,62.5,62.5,62.099998474121094,62.099998474121094,2779
2021-06-18 09:20:00+05:30,62.099998474121094,62.099998474121094,61.70000076293945,61.70000076293945,424
2021-06-18 09:21:00+05:30,61.70000076293945,61.70000076293945,61.25,61.25,1541
2021-06-18 09:22:00+05:30,61.150001525878906,61.29999923706055,61.150001525878906,61.29999923706055,437
2021-06-18 09:23:00+05:30,61.25,61.5,61.25,61.25,1160
2021-06-18 09:24:00+05:30,61.099998474121094,61.400001525878906,60.900001525878906,60.900001525878906,3345
2021-06-18 09:25:00+05:30,61.25,61.599998474121094,61.0,61.599998474121094,3115
2021-06-18 09:26:00+05:30,61.650001525878906,62.0,61.650001525878906,62.0,260
2021-06-18 09:27:00+05:30,61.95000076293945,62.25,61.95000076293945,62.0,1579
2021-06-18 09:28:00+05:30,62.20000076293945,62.5,61.95000076293945,62.0,4992
2021-06-18 09:29:00+05:30,62.0,62.20000076293945,62.0,62.04999923706055,1069
2021-06-18 09:30:00+05:30,62.04999923706055,62.04999923706055,61.95000076293945,61.95000076293945,897
2021-06-18 09:31:00+05:30,61.79999923706055,61.79999923706055,61.79999923706055,61.79999923706055,1527
2021-06-18 09:32:00+05:30,61.650001525878906,61.75,61.5,61.5,1327
2021-06-18 09:33:00+05:30,61.349998474121094,61.5,61.349998474121094,61.5,116
2021-06-18 09:34:00+05:30,61.45000076293945,61.5,61.45000076293945,61.5,51
2021-06-18 09:35:00+05:30,61.25,61.400001525878906,61.25,61.400001525878906,401
2021-06-18 09:36:00+05:30,61.25,61.349998474121094,61.25,61.349998474121094,2117
2021-06-18 09:37:00+05:30,61.25,61.400001525878906,61.0,61.0,3379
2021-06-18 09:38:00+05:30,61.0,61.150001525878906,60.79999923706055,61.0,1631
2021-06-18 09:39:00+05:30,61.0,61.0,60.79999923706055,60.79999923706055,1653
2021-06-18 09:40:00+05:30,61.0,61.0,60.04999923706055,60.04999923706055,10143
2021-06-18 09:41:00+05:30,60.099998474121094,60.5,60.099998474121094,60.5,468
2021-06-18 09:42:00+05:30,60.29999923706055,60.5,60.25,60.5,296
2021-06-18 09:43:00+05:30,60.5,60.5,60.29999923706055,60.45000076293945,225
2021-06-18 09:44:00+05:30,60.45000076293945,60.5,60.45000076293945,60.5,25
2021-06-18 09:45:00+05:30,60.45000076293945,60.45000076293945,60.099998474121094,60.099998474121094,449
2021-06-18 09:46:00+05:30,60.25,60.400001525878906,60.25,60.400001525878906,2162
2021-06-18 09:47:00+05:30,60.099998474121094,60.650001525878906,60.099998474121094,60.650001525878906,3154
2021-06-18 09:48:00+05:30,60.599998474121094,60.599998474121094,60.599998474121094,60.599998474121094,0
2021-06-18 09:49:00+05:30,60.29999923706055,60.29999923706055,60.29999923706055,60.29999923706055,798
2021-06-18 09:50:00+05:30,60.29999923706055,60.29999923706055,60.29999923706055,60.29999923706055,103
2021-06-18 09:51:00+05:30,60.45000076293945,60.45000076293945,60.29999923706055,60.29999923706055,296
2021-06-18 09:52:00+05:30,60.25,60.25,60.25,60.25,0
2021-06-18 09:53:00+05:30,60.29999923706055,60.29999923706055,60.150001525878906,60.25,566
2021-06-18 09:54:00+05:30,60.0,60.0,60.0,60.0,950
2021-06-18 09:55:00+05:30,60.0,60.04999923706055,59.400001525878906,59.400001525878906,4083
2021-06-18 09:56:00+05:30,59.29999923706055,59.29999923706055,58.45000076293945,58.45000076293945,3887
2021-06-18 09:57:00+05:30,58.45000076293945,58.79999923706055,58.45000076293945,58.599998474121094,1471
2021-06-18 09:58:00+05:30,58.599998474121094,59.0,58.599998474121094,59.0,2385
2021-06-18 09:59:00+05:30,59.099998474121094,59.54999923706055,59.0,59.349998474121094,2033
2021-06-18 10:00:00+05:30,59.599998474121094,59.599998474121094,59.45000076293945,59.45000076293945,80
2021-06-18 10:01:00+05:30,59.29999923706055,59.45000076293945,59.29999923706055,59.29999923706055,240
2021-06-18 10:02:00+05:30,59.29999923706055,59.5,59.29999923706055,59.5,768
2021-06-18 10:03:00+05:30,59.5,59.599998474121094,59.5,59.5,1947
2021-06-18 10:04:00+05:30,59.349998474121094,59.349998474121094,59.29999923706055,59.29999923706055,458
2021-06-18 10:05:00+05:30,59.400001525878906,59.54999923706055,59.400001525878906,59.54999923706055,124
2021-06-18 10:06:00+05:30,59.45000076293945,59.70000076293945,59.45000076293945,59.45000076293945,246
2021-06-18 10:07:00+05:30,59.45000076293945,59.599998474121094,59.45000076293945,59.599998474121094,177
2021-06-18 10:08:00+05:30,59.79999923706055,59.79999923706055,59.5,59.70000076293945,758
2021-06-18 10:09:00+05:30,59.54999923706055,59.54999923706055,59.54999923706055,59.54999923706055,39
2021-06-18 10:10:00+05:30,59.5,59.5,59.5,59.5,558
2021-06-18 10:11:00+05:30,59.599998474121094,59.599998474121094,59.45000076293945,59.45000076293945,20
2021-06-18 10:12:00+05:30,59.54999923706055,59.599998474121094,59.45000076293945,59.599998474121094,141
2021-06-18 10:13:00+05:30,59.599998474121094,59.599998474121094,59.54999923706055,59.599998474121094,592
2021-06-18 10:14:00+05:30,59.599998474121094,59.599998474121094,59.599998474121094,59.599998474121094,0
2021-06-18 10:15:00+05:30,59.599998474121094,59.599998474121094,59.599998474121094,59.599998474121094,906
2021-06-18 10:17:00+05:30,59.650001525878906,59.650001525878906,59.650001525878906,59.650001525878906,613
2021-06-18 10:18:00+05:30,59.650001525878906,59.650001525878906,59.599998474121094,59.599998474121094,424
2021-06-18 10:19:00+05:30,59.400001525878906,59.400001525878906,59.29999923706055,59.400001525878906,224
2021-06-18 10:20:00+05:30,59.29999923706055,59.29999923706055,59.29999923706055,59.29999923706055,423
2021-06-18 10:21:00+05:30,59.150001525878906,59.25,59.150001525878906,59.25,0
2021-06-18 10:22:00+05:30,59.150001525878906,59.25,59.150001525878906,59.25,182
2021-06-18 10:23:00+05:30,59.04999923706055,59.04999923706055,59.04999923706055,59.04999923706055,307
2021-06-18 10:24:00+05:30,59.04999923706055,59.099998474121094,59.0,59.0,1561
2021-06-18 10:25:00+05:30,59.0,59.0,59.0,59.0,59
2021-06-18 10:26:00+05:30,59.0,59.0,58.79999923706055,58.79999923706055,364
2021-06-18 10:27:00+05:30,58.75,58.900001525878906,58.75,58.75,1030
2021-06-18 10:28:00+05:30,58.400001525878906,58.400001525878906,58.349998474121094,58.349998474121094,1648
2021-06-18 10:29:00+05:30,58.400001525878906,58.54999923706055,58.400001525878906,58.400001525878906,822
2021-06-18 10:30:00+05:30,58.400001525878906,58.400001525878906,58.29999923706055,58.29999923706055,1118
2021-06-18 10:31:00+05:30,57.900001525878906,57.95000076293945,57.900001525878906,57.95000076293945,6816
2021-06-18 10:32:00+05:30,57.95000076293945,57.95000076293945,57.900001525878906,57.900001525878906,1065
2021-06-18 10:33:00+05:30,57.849998474121094,57.900001525878906,57.599998474121094,57.599998474121094,2432
2021-06-18 10:34:00+05:30,57.599998474121094,57.70000076293945,57.599998474121094,57.70000076293945,4168
2021-06-18 10:36:00+05:30,57.849998474121094,57.849998474121094,57.849998474121094,57.849998474121094,0
2021-06-18 10:37:00+05:30,57.849998474121094,57.849998474121094,57.70000076293945,57.70000076293945,179
2021-06-18 10:38:00+05:30,57.70000076293945,57.70000076293945,57.650001525878906,57.650001525878906,934
2021-06-18 10:40:00+05:30,57.650001525878906,57.650001525878906,57.650001525878906,57.650001525878906,0
2021-06-18 10:41:00+05:30,57.650001525878906,57.650001525878906,57.650001525878906,57.650001525878906,1083
2021-06-18 10:42:00+05:30,57.70000076293945,57.70000076293945,57.5,57.54999923706055,602
2021-06-18 10:43:00+05:30,57.650001525878906,57.650001525878906,57.400001525878906,57.54999923706055,1188
2021-06-18 10:44:00+05:30,57.54999923706055,57.54999923706055,57.349998474121094,57.349998474121094,539
2021-06-18 10:46:00+05:30,57.599998474121094,57.599998474121094,57.349998474121094,57.349998474121094,1230
2021-06-18 10:48:00+05:30,57.54999923706055,57.54999923706055,57.54999923706055,57.54999923706055,106
2021-06-18 10:49:00+05:30,57.70000076293945,57.70000076293945,57.54999923706055,57.54999923706055,1159
2021-06-18 10:50:00+05:30,57.54999923706055,57.54999923706055,57.29999923706055,57.45000076293945,896
2021-06-18 10:51:00+05:30,57.349998474121094,57.349998474121094,57.349998474121094,57.349998474121094,11
2021-06-18 10:52:00+05:30,57.349998474121094,57.349998474121094,57.20000076293945,57.20000076293945,1505
2021-06-18 10:53:00+05:30,57.20000076293945,57.20000076293945,56.95000076293945,57.20000076293945,3287
2021-06-18 10:54:00+05:30,57.0,57.0,57.0,57.0,899
2021-06-18 10:55:00+05:30,56.95000076293945,56.95000076293945,56.95000076293945,56.95000076293945,0
2021-06-18 10:56:00+05:30,56.849998474121094,56.849998474121094,56.599998474121094,56.79999923706055,655
2021-06-18 10:57:00+05:30,56.849998474121094,56.849998474121094,56.54999923706055,56.54999923706055,914
2021-06-18 10:58:00+05:30,56.54999923706055,56.54999923706055,56.54999923706055,56.54999923706055,656
2021-06-18 10:59:00+05:30,56.5,56.5,56.20000076293945,56.20000076293945,1811
2021-06-18 11:00:00+05:30,56.400001525878906,56.5,56.099998474121094,56.099998474121094,1371
2021-06-18 11:01:00+05:30,56.5,56.5,56.29999923706055,56.29999923706055,254
2021-06-18 11:02:00+05:30,56.20000076293945,56.5,56.20000076293945,56.5,1141
2021-06-18 11:03:00+05:30,56.45000076293945,56.45000076293945,56.099998474121094,56.099998474121094,1064
2021-06-18 11:04:00+05:30,56.150001525878906,56.5,56.150001525878906,56.5,330
2021-06-18 11:05:00+05:30,56.150001525878906,56.20000076293945,55.849998474121094,56.20000076293945,7396
2021-06-18 11:06:00+05:30,56.5,56.5,56.099998474121094,56.099998474121094,1695
2021-06-18 11:07:00+05:30,55.900001525878906,56.0,55.79999923706055,55.95000076293945,405
2021-06-18 11:08:00+05:30,55.95000076293945,56.0,55.79999923706055,55.79999923706055,2509
2021-06-18 11:09:00+05:30,55.79999923706055,55.95000076293945,55.650001525878906,55.95000076293945,553
2021-06-18 11:10:00+05:30,55.900001525878906,56.04999923706055,55.900001525878906,56.04999923706055,3205
2021-06-18 11:11:00+05:30,56.400001525878906,56.400001525878906,56.349998474121094,56.349998474121094,574
2021-06-18 11:12:00+05:30,56.150001525878906,56.349998474121094,56.099998474121094,56.349998474121094,3047
2021-06-18 11:13:00+05:30,56.349998474121094,56.70000076293945,56.349998474121094,56.70000076293945,1020
2021-06-18 11:14:00+05:30,56.79999923706055,56.95000076293945,56.79999923706055,56.95000076293945,364
2021-06-18 11:15:00+05:30,56.95000076293945,56.95000076293945,56.900001525878906,56.900001525878906,116
2021-06-18 11:16:00+05:30,57.0,57.0,57.0,57.0,334
2021-06-18 11:17:00+05:30,57.20000076293945,57.20000076293945,57.099998474121094,57.099998474121094,5
2021-06-18 11:19:00+05:30,57.20000076293945,57.5,57.20000076293945,57.5,237
2021-06-18 11:20:00+05:30,57.54999923706055,57.599998474121094,57.54999923706055,57.599998474121094,425
2021-06-18 11:21:00+05:30,57.5,57.54999923706055,57.5,57.54999923706055,290
2021-06-18 11:22:00+05:30,57.54999923706055,57.54999923706055,57.349998474121094,57.349998474121094,816
2021-06-18 11:23:00+05:30,57.400001525878906,57.400001525878906,57.150001525878906,57.29999923706055,503
2021-06-18 11:24:00+05:30,57.099998474121094,57.29999923706055,57.099998474121094,57.099998474121094,413
2021-06-18 11:25:00+05:30,57.0,57.0,56.95000076293945,56.95000076293945,146
2021-06-18 11:26:00+05:30,57.04999923706055,57.29999923706055,57.04999923706055,57.29999923706055,917
2021-06-18 11:27:00+05:30,57.349998474121094,57.349998474121094,57.099998474121094,57.099998474121094,45
2021-06-18 11:28:00+05:30,57.20000076293945,57.20000076293945,57.20000076293945,57.20000076293945,10
2021-06-18 11:30:00+05:30,57.20000076293945,57.20000076293945,57.20000076293945,57.20000076293945,147
2021-06-18 11:32:00+05:30,56.79999923706055,56.79999923706055,56.45000076293945,56.45000076293945,3326
2021-06-18 11:33:00+05:30,56.5,56.5,56.5,56.5,1636
2021-06-18 11:34:00+05:30,56.45000076293945,56.45000076293945,56.20000076293945,56.29999923706055,1986
2021-06-18 11:35:00+05:30,56.150001525878906,56.25,56.150001525878906,56.25,3899
2021-06-18 11:36:00+05:30,56.25,56.5,56.25,56.5,429
2021-06-18 11:37:00+05:30,56.650001525878906,56.650001525878906,56.650001525878906,56.650001525878906,7
2021-06-18 11:38:00+05:30,56.70000076293945,56.79999923706055,56.70000076293945,56.79999923706055,311
2021-06-18 11:39:00+05:30,56.849998474121094,57.0,56.849998474121094,57.0,123
2021-06-18 11:42:00+05:30,56.79999923706055,56.79999923706055,56.79999923706055,56.79999923706055,1
2021-06-18 11:43:00+05:30,56.650001525878906,56.650001525878906,56.650001525878906,56.650001525878906,2097
2021-06-18 11:44:00+05:30,57.0,57.150001525878906,57.0,57.150001525878906,568
2021-06-18 11:45:00+05:30,57.150001525878906,57.25,57.150001525878906,57.25,179
2021-06-18 11:47:00+05:30,57.0,57.150001525878906,56.900001525878906,57.099998474121094,384
2021-06-18 11:48:00+05:30,56.900001525878906,57.0,56.900001525878906,57.0,0
2021-06-18 11:49:00+05:30,57.0,57.0,56.95000076293945,56.95000076293945,483
2021-06-18 11:50:00+05:30,56.95000076293945,57.0,56.650001525878906,56.650001525878906,576
2021-06-18 11:51:00+05:30,56.70000076293945,56.70000076293945,56.70000076293945,56.70000076293945,126
2021-06-18 11:52:00+05:30,56.95000076293945,56.95000076293945,56.95000076293945,56.95000076293945,113
2021-06-18 11:53:00+05:30,56.95000076293945,56.95000076293945,56.95000076293945,56.95000076293945,118
2021-06-18 11:54:00+05:30,57.20000076293945,57.20000076293945,57.20000076293945,57.20000076293945,1163
2021-06-18 11:55:00+05:30,57.0,57.0,57.0,57.0,0
2021-06-18 11:57:00+05:30,57.04999923706055,57.04999923706055,57.04999923706055,57.04999923706055,5
2021-06-18 11:58:00+05:30,57.25,57.25,57.25,57.25,163
2021-06-18 11:59:00+05:30,57.25,57.25,57.04999923706055,57.20000076293945,400
2021-06-18 12:01:00+05:30,57.20000076293945,57.20000076293945,57.20000076293945,57.20000076293945,4
2021-06-18 12:02:00+05:30,57.5,57.5,57.5,57.5,1274
2021-06-18 12:04:00+05:30,57.5,57.5,57.5,57.5,1
2021-06-18 12:05:00+05:30,57.5,57.54999923706055,57.5,57.54999923706055,255
2021-06-18 12:06:00+05:30,57.54999923706055,57.70000076293945,57.54999923706055,57.54999923706055,445
2021-06-18 12:07:00+05:30,57.70000076293945,57.79999923706055,57.70000076293945,57.79999923706055,590
2021-06-18 12:08:00+05:30,57.79999923706055,57.849998474121094,57.79999923706055,57.79999923706055,1297
2021-06-18 12:09:00+05:30,57.849998474121094,57.849998474121094,57.70000076293945,57.70000076293945,3049
2021-06-18 12:10:00+05:30,57.70000076293945,57.70000076293945,57.5,57.5,0
2021-06-18 12:11:00+05:30,57.400001525878906,57.400001525878906,57.29999923706055,57.29999923706055,1689
2021-06-18 12:12:00+05:30,57.20000076293945,57.20000076293945,57.04999923706055,57.04999923706055,150
2021-06-18 12:13:00+05:30,57.29999923706055,57.29999923706055,57.099998474121094,57.099998474121094,0
2021-06-18 12:14:00+05:30,57.099998474121094,57.29999923706055,57.099998474121094,57.29999923706055,13
2021-06-18 12:15:00+05:30,57.20000076293945,57.29999923706055,57.20000076293945,57.29999923706055,12
2021-06-18 12:17:00+05:30,57.349998474121094,57.650001525878906,57.25,57.650001525878906,1934
2021-06-18 12:18:00+05:30,57.650001525878906,57.849998474121094,57.650001525878906,57.650001525878906,1480
2021-06-18 12:19:00+05:30,57.599998474121094,57.599998474121094,57.599998474121094,57.599998474121094,19
2021-06-18 12:20:00+05:30,57.54999923706055,57.54999923706055,57.54999923706055,57.54999923706055,101
2021-06-18 12:21:00+05:30,57.599998474121094,57.599998474121094,57.599998474121094,57.599998474121094,290
2021-06-18 12:22:00+05:30,57.54999923706055,57.54999923706055,57.54999923706055,57.54999923706055,122
2021-06-18 12:23:00+05:30,57.650001525878906,57.70000076293945,57.54999923706055,57.70000076293945,178
2021-06-18 12:24:00+05:30,57.599998474121094,57.75,57.599998474121094,57.75,0
2021-06-18 12:25:00+05:30,57.70000076293945,57.75,57.70000076293945,57.75,18
2021-06-18 12:26:00+05:30,57.75,57.75,57.70000076293945,57.70000076293945,1155
2021-06-18 12:28:00+05:30,57.599998474121094,57.70000076293945,57.54999923706055,57.650001525878906,456
2021-06-18 12:29:00+05:30,57.54999923706055,57.54999923706055,57.54999923706055,57.54999923706055,1904
2021-06-18 12:31:00+05:30,57.599998474121094,57.599998474121094,57.599998474121094,57.599998474121094,5166
2021-06-18 12:32:00+05:30,57.599998474121094,57.599998474121094,57.599998474121094,57.599998474121094,189
2021-06-18 12:33:00+05:30,57.599998474121094,57.650001525878906,57.599998474121094,57.599998474121094,0
2021-06-18 12:34:00+05:30,57.5,57.5,57.5,57.5,1410
2021-06-18 12:35:00+05:30,57.70000076293945,57.70000076293945,57.650001525878906,57.650001525878906,2984
2021-06-18 12:36:00+05:30,57.849998474121094,57.849998474121094,57.70000076293945,57.79999923706055,1502
2021-06-18 12:37:00+05:30,57.79999923706055,57.79999923706055,57.79999923706055,57.79999923706055,50
2021-06-18 12:38:00+05:30,58.0,58.29999923706055,58.0,58.29999923706055,5045
2021-06-18 12:39:00+05:30,58.20000076293945,58.400001525878906,58.20000076293945,58.400001525878906,269
2021-06-18 12:40:00+05:30,58.400001525878906,58.599998474121094,58.400001525878906,58.54999923706055,1251
2021-06-18 12:41:00+05:30,58.54999923706055,58.54999923706055,58.5,58.5,180
2021-06-18 12:42:00+05:30,58.5,58.5,58.400001525878906,58.400001525878906,219
2021-06-18 12:43:00+05:30,58.400001525878906,58.400001525878906,58.400001525878906,58.400001525878906,600
2021-06-18 12:45:00+05:30,58.349998474121094,58.349998474121094,58.099998474121094,58.099998474121094,262
2021-06-18 12:46:00+05:30,58.400001525878906,58.5,58.25,58.5,1523
2021-06-18 12:47:00+05:30,58.25,58.25,58.25,58.25,0
2021-06-18 12:48:00+05:30,58.0,58.25,58.0,58.25,1740
2021-06-18 12:51:00+05:30,58.25,58.25,58.25,58.25,170
2021-06-18 12:53:00+05:30,58.20000076293945,58.20000076293945,58.20000076293945,58.20000076293945,100
2021-06-18 12:54:00+05:30,58.29999923706055,58.29999923706055,58.29999923706055,58.29999923706055,3853
2021-06-18 12:55:00+05:30,58.04999923706055,58.04999923706055,57.70000076293945,57.70000076293945,471
2021-06-18 12:56:00+05:30,57.599998474121094,57.70000076293945,57.599998474121094,57.70000076293945,175
2021-06-18 12:57:00+05:30,57.54999923706055,57.54999923706055,57.54999923706055,57.54999923706055,0
2021-06-18 13:00:00+05:30,57.70000076293945,57.70000076293945,57.70000076293945,57.70000076293945,1134
2021-06-18 13:02:00+05:30,57.79999923706055,57.79999923706055,57.79999923706055,57.79999923706055,1
2021-06-18 13:03:00+05:30,57.650001525878906,57.79999923706055,57.650001525878906,57.79999923706055,249
2021-06-18 13:05:00+05:30,57.79999923706055,57.79999923706055,57.79999923706055,57.79999923706055,0
2021-06-18 13:06:00+05:30,57.70000076293945,57.70000076293945,57.70000076293945,57.70000076293945,99
2021-06-18 13:07:00+05:30,57.79999923706055,57.79999923706055,57.79999923706055,57.79999923706055,0
2021-06-18 13:08:00+05:30,58.0,58.0,58.0,58.0,154
2021-06-18 13:10:00+05:30,58.04999923706055,58.04999923706055,58.04999923706055,58.04999923706055,1
2021-06-18 13:12:00+05:30,58.04999923706055,58.04999923706055,58.04999923706055,58.04999923706055,1
2021-06-18 13:16:00+05:30,57.849998474121094,57.849998474121094,57.849998474121094,57.849998474121094,1
2021-06-18 13:19:00+05:30,57.900001525878906,57.900001525878906,57.900001525878906,57.900001525878906,25
2021-06-18 13:21:00+05:30,57.75,57.75,57.75,57.75,980
2021-06-18 13:23:00+05:30,58.0,58.04999923706055,58.0,58.04999923706055,760
2021-06-18 13:26:00+05:30,58.0,58.0,57.849998474121094,57.849998474121094,351
2021-06-18 13:29:00+05:30,57.599998474121094,57.599998474121094,57.599998474121094,57.599998474121094,998
2021-06-18 13:32:00+05:30,57.54999923706055,57.54999923706055,57.54999923706055,57.54999923706055,201
2021-06-18 13:33:00+05:30,57.54999923706055,57.54999923706055,57.54999923706055,57.54999923706055,0
2021-06-18 13:39:00+05:30,57.54999923706055,57.54999923706055,57.400001525878906,57.400001525878906,2293
2021-06-18 13:40:00+05:30,57.400001525878906,57.400001525878906,57.400001525878906,57.400001525878906,0
2021-06-18 13:42:00+05:30,57.70000076293945,57.70000076293945,57.70000076293945,57.70000076293945,50
2021-06-18 13:43:00+05:30,57.70000076293945,57.70000076293945,57.70000076293945,57.70000076293945,42
2021-06-18 13:44:00+05:30,57.79999923706055,57.79999923706055,57.79999923706055,57.79999923706055,0
2021-06-18 13:45:00+05:30,57.900001525878906,57.900001525878906,57.900001525878906,57.900001525878906,400
2021-06-18 13:46:00+05:30,57.900001525878906,57.900001525878906,57.900001525878906,57.900001525878906,0
2021-06-18 13:47:00+05:30,57.75,57.75,57.75,57.75,0
2021-06-18 13:48:00+05:30,57.75,57.75,57.75,57.75,151
2021-06-18 13:49:00+05:30,57.900001525878906,57.95000076293945,57.900001525878906,57.95000076293945,0
2021-06-18 13:52:00+05:30,57.900001525878906,57.900001525878906,57.900001525878906,57.900001525878906,45
2021-06-18 13:54:00+05:30,57.75,57.79999923706055,57.75,57.79999923706055,412
2021-06-18 13:55:00+05:30,58.0,58.0,57.95000076293945,57.95000076293945,642
2021-06-18 13:57:00+05:30,58.0,58.0,57.75,57.75,1217
2021-06-18 13:58:00+05:30,57.95000076293945,57.95000076293945,57.95000076293945,57.95000076293945,198
2021-06-18 13:59:00+05:30,57.95000076293945,57.95000076293945,57.70000076293945,57.70000076293945,303
2021-06-18 14:00:00+05:30,58.0,58.0,58.0,58.0,1374
2021-06-18 14:02:00+05:30,58.04999923706055,58.20000076293945,58.04999923706055,58.04999923706055,193
2021-06-18 14:05:00+05:30,58.5,58.5,58.5,58.5,1621
2021-06-18 14:06:00+05:30,58.45000076293945,58.45000076293945,58.45000076293945,58.45000076293945,151
2021-06-18 14:07:00+05:30,58.45000076293945,58.45000076293945,58.150001525878906,58.45000076293945,168
2021-06-18 14:09:00+05:30,58.25,58.25,58.25,58.25,184
2021-06-18 14:11:00+05:30,58.20000076293945,58.20000076293945,58.20000076293945,58.20000076293945,0
2021-06-18 14:13:00+05:30,58.20000076293945,58.20000076293945,58.20000076293945,58.20000076293945,691
2021-06-18 14:14:00+05:30,58.25,58.25,58.25,58.25,0
2021-06-18 14:15:00+05:30,58.25,58.25,58.20000076293945,58.20000076293945,174
2021-06-18 14:16:00+05:30,58.0,58.0,58.0,58.0,442
2021-06-18 14:18:00+05:30,57.900001525878906,57.900001525878906,57.900001525878906,57.900001525878906,0
2021-06-18 14:19:00+05:30,58.099998474121094,58.5,58.099998474121094,58.5,396
2021-06-18 14:20:00+05:30,58.150001525878906,58.150001525878906,58.150001525878906,58.150001525878906,0
2021-06-18 14:23:00+05:30,57.95000076293945,57.95000076293945,57.95000076293945,57.95000076293945,238
2021-06-18 14:24:00+05:30,58.0,58.0,58.0,58.0,34
2021-06-18 14:25:00+05:30,57.79999923706055,57.79999923706055,57.79999923706055,57.79999923706055,0
2021-06-18 14:26:00+05:30,57.79999923706055,57.79999923706055,57.79999923706055,57.79999923706055,30
2021-06-18 14:28:00+05:30,58.400001525878906,58.400001525878906,58.400001525878906,58.400001525878906,0
2021-06-18 14:29:00+05:30,58.20000076293945,58.20000076293945,58.20000076293945,58.20000076293945,16
2021-06-18 14:30:00+05:30,57.849998474121094,57.900001525878906,57.849998474121094,57.900001525878906,2576
2021-06-18 14:32:00+05:30,58.04999923706055,58.04999923706055,58.04999923706055,58.04999923706055,3
2021-06-18 14:33:00+05:30,57.75,57.75,57.75,57.75,29
2021-06-18 14:36:00+05:30,58.29999923706055,58.29999923706055,58.29999923706055,58.29999923706055,18
2021-06-18 14:37:00+05:30,58.349998474121094,58.349998474121094,58.349998474121094,58.349998474121094,41
2021-06-18 14:38:00+05:30,58.349998474121094,58.349998474121094,58.349998474121094,58.349998474121094,611
2021-06-18 14:40:00+05:30,58.349998474121094,58.349998474121094,58.349998474121094,58.349998474121094,0
2021-06-18 14:41:00+05:30,58.04999923706055,58.400001525878906,58.04999923706055,58.400001525878906,133
2021-06-18 14:42:00+05:30,58.349998474121094,58.400001525878906,58.349998474121094,58.400001525878906,0
2021-06-18 14:43:00+05:30,58.04999923706055,58.04999923706055,58.04999923706055,58.04999923706055,5
2021-06-18 14:46:00+05:30,58.099998474121094,58.099998474121094,58.099998474121094,58.099998474121094,1
2021-06-18 14:47:00+05:30,58.400001525878906,58.400001525878906,58.400001525878906,58.400001525878906,1164
2021-06-18 14:48:00+05:30,58.150001525878906,58.29999923706055,58.150001525878906,58.29999923706055,0
2021-06-18 14:50:00+05:30,58.099998474121094,58.29999923706055,58.099998474121094,58.29999923706055,992
2021-06-18 14:51:00+05:30,58.29999923706055,58.29999923706055,58.29999923706055,58.29999923706055,250
2021-06-18 14:52:00+05:30,58.25,58.25,58.099998474121094,58.099998474121094,79
2021-06-18 14:53:00+05:30,58.0,58.0,58.0,58.0,202
2021-06-18 14:54:00+05:30,58.0,58.0,57.70000076293945,57.75,319
2021-06-18 14:55:00+05:30,57.900001525878906,57.900001525878906,57.79999923706055,57.79999923706055,460
2021-06-18 14:56:00+05:30,57.75,57.79999923706055,57.650001525878906,57.650001525878906,1016
2021-06-18 14:57:00+05:30,57.599998474121094,57.599998474121094,57.54999923706055,57.599998474121094,502
2021-06-18 14:58:00+05:30,57.599998474121094,57.599998474121094,57.599998474121094,57.599998474121094,919
2021-06-18 14:59:00+05:30,57.70000076293945,58.099998474121094,57.70000076293945,58.099998474121094,3820
2021-06-18 15:00:00+05:30,57.79999923706055,57.95000076293945,57.79999923706055,57.95000076293945,0
2021-06-18 15:01:00+05:30,57.900001525878906,57.900001525878906,57.849998474121094,57.849998474121094,156
2021-06-18 15:02:00+05:30,57.79999923706055,57.79999923706055,57.75,57.75,1508
2021-06-18 15:03:00+05:30,57.75,57.75,57.75,57.75,0
2021-06-18 15:04:00+05:30,57.95000076293945,57.95000076293945,57.900001525878906,57.900001525878906,337
2021-06-18 15:05:00+05:30,57.849998474121094,57.849998474121094,57.849998474121094,57.849998474121094,116
2021-06-18 15:06:00+05:30,57.849998474121094,57.849998474121094,57.849998474121094,57.849998474121094,69
2021-06-18 15:07:00+05:30,57.849998474121094,58.0,57.849998474121094,58.0,1252
2021-06-18 15:09:00+05:30,57.79999923706055,57.79999923706055,57.79999923706055,57.79999923706055,232
2021-06-18 15:10:00+05:30,57.900001525878906,57.95000076293945,57.900001525878906,57.900001525878906,0
2021-06-18 15:11:00+05:30,57.75,57.79999923706055,57.75,57.79999923706055,183
2021-06-18 15:12:00+05:30,57.650001525878906,57.79999923706055,57.650001525878906,57.79999923706055,1359
2021-06-18 15:13:00+05:30,57.849998474121094,57.849998474121094,57.849998474121094,57.849998474121094,0
2021-06-18 15:14:00+05:30,57.849998474121094,57.849998474121094,57.849998474121094,57.849998474121094,1805
2021-06-18 15:15:00+05:30,57.849998474121094,57.849998474121094,57.849998474121094,57.849998474121094,0
2021-06-18 15:16:00+05:30,57.95000076293945,57.95000076293945,57.95000076293945,57.95000076293945,2603
2021-06-18 15:17:00+05:30,57.95000076293945,57.95000076293945,57.95000076293945,57.95000076293945,412
2021-06-18 15:18:00+05:30,57.849998474121094,57.849998474121094,57.849998474121094,57.849998474121094,368
2021-06-18 15:19:00+05:30,57.95000076293945,57.95000076293945,57.95000076293945,57.95000076293945,820
2021-06-18 15:20:00+05:30,57.95000076293945,57.95000076293945,57.95000076293945,57.95000076293945,0
2021-06-18 15:21:00+05:30,57.95000076293945,57.95000076293945,57.900001525878906,57.95000076293945,1828
2021-06-18 15:22:00+05:30,57.95000076293945,57.95000076293945,57.900001525878906,57.900001525878906,818
2021-06-18 15:23:00+05:30,57.900001525878906,57.95000076293945,57.900001525878906,57.900001525878906,5324
2021-06-18 15:24:00+05:30,57.95000076293945,57.95000076293945,57.849998474121094,57.95000076293945,282
2021-06-18 15:25:00+05:30,57.849998474121094,57.849998474121094,57.79999923706055,57.79999923706055,44
2021-06-18 15:26:00+05:30,57.849998474121094,57.849998474121094,57.849998474121094,57.849998474121094,374
2021-06-18 15:27:00+05:30,57.79999923706055,58.0,57.75,57.75,3500
2021-06-18 15:28:00+05:30,57.95000076293945,57.95000076293945,57.75,57.900001525878906,1456
2021-06-18 15:29:00+05:30,58.0,58.0,57.650001525878906,57.900001525878906,2073
