Datetime,open,high,low,close,volume
2021-06-14 09:15:00+05:30,715.0,716.4000244140625,715.0,716.0,0
2021-06-14 09:16:00+05:30,716.0,722.5999755859375,716.0,720.9000244140625,1152
2021-06-14 09:17:00+05:30,719.5499877929688,722.5499877929688,719.0499877929688,719.0499877929688,685
2021-06-14 09:18:00+05:30,720.8499755859375,720.9500122070312,719.0,719.0499877929688,1243
2021-06-14 09:19:00+05:30,719.7000122070312,719.7999877929688,719.0999755859375,719.1500244140625,289
2021-06-14 09:20:00+05:30,720.3499755859375,720.3499755859375,719.5,719.9500122070312,402
2021-06-14 09:21:00+05:30,719.5,720.0,719.5,719.5,371
2021-06-14 09:22:00+05:30,719.5,719.5,715.0,715.0,1187
2021-06-14 09:23:00+05:30,715.0,715.0,713.0,713.0,512
2021-06-14 09:24:00+05:30,712.9000244140625,712.9000244140625,702.5499877929688,702.5499877929688,2036
2021-06-14 09:25:00+05:30,707.8499755859375,707.8499755859375,703.0,703.0,471
2021-06-14 09:26:00+05:30,703.5,707.0,703.5,703.5499877929688,640
2021-06-14 09:27:00+05:30,706.5,707.0,704.0,707.0,420
2021-06-14 09:28:00+05:30,707.0,707.3499755859375,704.0,704.0,984
2021-06-14 09:29:00+05:30,702.2000122070312,702.5499877929688,695.0,699.9500122070312,1334
2021-06-14 09:30:00+05:30,699.0999755859375,700.0,699.0499877929688,699.8499755859375,435
2021-06-14 09:31:00+05:30,697.5999755859375,697.5999755859375,697.5999755859375,697.5999755859375,69
2021-06-14 09:32:00+05:30,697.0,697.0,688.0,688.0499877929688,1637
2021-06-14 09:33:00+05:30,688.4500122070312,693.0,688.2000122070312,693.0,558
2021-06-14 09:34:00+05:30,692.75,693.0,688.2999877929688,690.5999755859375,353
2021-06-14 09:35:00+05:30,691.0499877929688,697.0,691.0499877929688,692.75,244
2021-06-14 09:36:00+05:30,692.75,692.75,690.75,690.7999877929688,371
2021-06-14 09:37:00+05:30,690.75,699.9500122070312,690.75,694.2999877929688,1480
2021-06-14 09:38:00+05:30,697.0499877929688,699.9500122070312,694.6500244140625,698.7000122070312,875
2021-06-14 09:39:00+05:30,698.5,698.5,695.9500122070312,696.7999877929688,77
2021-06-14 09:40:00+05:30,696.7999877929688,698.7000122070312,695.7000122070312,698.7000122070312,413
2021-06-14 09:41:00+05:30,693.0999755859375,697.6500244140625,693.0999755859375,693.5,419
2021-06-14 09:42:00+05:30,695.0499877929688,695.0499877929688,695.0499877929688,695.0499877929688,35
2021-06-14 09:43:00+05:30,695.5999755859375,697.7999877929688,695.0499877929688,696.3499755859375,835
2021-06-14 09:44:00+05:30,697.5999755859375,698.7000122070312,696.1500244140625,696.5499877929688,50
2021-06-14 09:45:00+05:30,697.4500122070312,698.0,697.4500122070312,697.9500122070312,444
2021-06-14 09:46:00+05:30,691.0,691.0,690.0,690.0,638
2021-06-14 09:47:00+05:30,690.0,697.5499877929688,690.0,697.5499877929688,434
2021-06-14 09:48:00+05:30,691.0,693.3499755859375,691.0,692.9000244140625,179
2021-06-14 09:49:00+05:30,693.7000122070312,693.7000122070312,692.5,692.5,67
2021-06-14 09:50:00+05:30,694.2999877929688,694.6500244140625,693.0499877929688,694.6500244140625,851
2021-06-14 09:51:00+05:30,694.6500244140625,694.6500244140625,694.5,694.6500244140625,0
2021-06-14 09:52:00+05:30,692.0,694.2000122070312,692.0,693.2000122070312,290
2021-06-14 09:53:00+05:30,692.0499877929688,693.7999877929688,692.0499877929688,693.2999877929688,103
2021-06-14 09:54:00+05:30,693.0,693.0,689.9500122070312,689.9500122070312,3096
2021-06-14 09:55:00+05:30,689.9500122070312,690.0,689.2999877929688,689.2999877929688,1074
2021-06-14 09:56:00+05:30,689.2999877929688,690.0,689.0,690.0,1001
2021-06-14 09:57:00+05:30,690.0,690.0,689.9500122070312,689.9500122070312,890
2021-06-14 09:58:00+05:30,690.0,690.0,689.3499755859375,689.9000244140625,838
2021-06-14 09:59:00+05:30,689.9000244140625,690.0,689.9000244140625,690.0,889
2021-06-14 10:00:00+05:30,689.9000244140625,690.0,689.1500244140625,689.1500244140625,195
2021-06-14 10:01:00+05:30,690.0,690.0,689.9500122070312,690.0,516
2021-06-14 10:02:00+05:30,689.9500122070312,690.0,689.9500122070312,690.0,987
2021-06-14 10:03:00+05:30,689.9500122070312,690.0,689.2000122070312,689.2000122070312,372
2021-06-14 10:04:00+05:30,689.9500122070312,689.9500122070312,689.9500122070312,689.9500122070312,77
2021-06-14 10:05:00+05:30,689.9500122070312,690.0,689.5,690.0,256
2021-06-14 10:06:00+05:30,690.0,690.0,689.25,689.8499755859375,141
2021-06-14 10:07:00+05:30,689.9500122070312,690.0,689.9500122070312,689.9500122070312,124
2021-06-14 10:08:00+05:30,690.0,690.0,689.9500122070312,689.9500122070312,1137
2021-06-14 10:09:00+05:30,690.0,690.0,690.0,690.0,703
2021-06-14 10:10:00+05:30,690.0,690.1500244140625,689.7000122070312,690.1500244140625,135
2021-06-14 10:11:00+05:30,690.0,690.0,689.7000122070312,689.7000122070312,159
2021-06-14 10:12:00+05:30,689.7000122070312,690.0,689.6500244140625,690.0,161
2021-06-14 10:13:00+05:30,690.0,694.4500122070312,690.0,692.0,198
2021-06-14 10:14:00+05:30,692.0,698.4000244140625,692.0,698.0,727
2021-06-14 10:15:00+05:30,695.4500122070312,697.0,690.0,690.0,1053
2021-06-14 10:16:00+05:30,695.2999877929688,697.0,695.25,695.9000244140625,800
2021-06-14 10:17:00+05:30,695.9000244140625,696.7000122070312,695.9000244140625,696.7000122070312,181
2021-06-14 10:18:00+05:30,696.5,696.5,695.6500244140625,695.6500244140625,201
2021-06-14 10:19:00+05:30,695.3499755859375,695.3499755859375,690.9000244140625,695.0,670
2021-06-14 10:20:00+05:30,695.0,695.9000244140625,695.0,695.9000244140625,294
2021-06-14 10:21:00+05:30,695.8499755859375,695.8499755859375,694.7999877929688,694.7999877929688,12
2021-06-14 10:22:00+05:30,694.0,694.0,694.0,694.0,40
2021-06-14 10:23:00+05:30,693.9500122070312,693.9500122070312,693.5499877929688,693.5499877929688,150
2021-06-14 10:24:00+05:30,694.0,694.0499877929688,694.0,694.0499877929688,12
2021-06-14 10:26:00+05:30,694.0999755859375,694.0999755859375,694.0999755859375,694.0999755859375,18
2021-06-14 10:27:00+05:30,694.6500244140625,694.6500244140625,694.6500244140625,694.6500244140625,31
2021-06-14 10:28:00+05:30,694.1500244140625,694.1500244140625,694.0,694.0,222
2021-06-14 10:29:00+05:30,694.4500122070312,694.6500244140625,694.4500122070312,694.6500244140625,37
2021-06-14 10:30:00+05:30,691.0499877929688,694.1500244140625,691.0499877929688,693.0999755859375,209
2021-06-14 10:32:00+05:30,692.8499755859375,692.8499755859375,692.8499755859375,692.8499755859375,55
2021-06-14 10:33:00+05:30,691.1500244140625,692.5,691.1500244140625,692.5,134
2021-06-14 10:34:00+05:30,692.5,694.1500244140625,692.5,694.1500244140625,172
2021-06-14 10:35:00+05:30,694.9000244140625,694.9000244140625,692.6500244140625,694.0999755859375,481
2021-06-14 10:36:00+05:30,694.0,695.9000244140625,694.0,694.0499877929688,520
2021-06-14 10:37:00+05:30,694.9500122070312,694.9500122070312,694.9500122070312,694.9500122070312,100
2021-06-14 10:38:00+05:30,695.9000244140625,697.25,695.9000244140625,697.25,578
2021-06-14 10:39:00+05:30,697.25,697.25,695.0,695.0499877929688,596
2021-06-14 10:40:00+05:30,695.0499877929688,698.0,695.0499877929688,698.0,471
2021-06-14 10:41:00+05:30,698.25,701.4000244140625,698.25,701.25,762
2021-06-14 10:42:00+05:30,701.25,703.6500244140625,701.25,701.4500122070312,501
2021-06-14 10:43:00+05:30,703.1500244140625,704.0499877929688,699.25,699.25,1358
2021-06-14 10:44:00+05:30,699.7999877929688,699.7999877929688,699.7999877929688,699.7999877929688,0
2021-06-14 10:45:00+05:30,702.0,705.0499877929688,702.0,705.0,1183
2021-06-14 10:46:00+05:30,705.0,705.0,698.0999755859375,698.0999755859375,1377
2021-06-14 10:47:00+05:30,703.4000244140625,703.4000244140625,699.25,699.5999755859375,32
2021-06-14 10:48:00+05:30,701.4500122070312,702.25,699.75,701.4500122070312,69
2021-06-14 10:49:00+05:30,701.4500122070312,701.4500122070312,700.0499877929688,700.0499877929688,11
2021-06-14 10:50:00+05:30,700.0499877929688,701.25,700.0499877929688,701.25,12
2021-06-14 10:51:00+05:30,701.9000244140625,701.9000244140625,699.7000122070312,699.7000122070312,331
2021-06-14 10:52:00+05:30,699.7000122070312,700.2000122070312,699.7000122070312,699.7000122070312,113
2021-06-14 10:53:00+05:30,700.0,700.7999877929688,699.2000122070312,699.2000122070312,304
2021-06-14 10:54:00+05:30,699.2000122070312,700.3499755859375,699.2000122070312,699.25,7
2021-06-14 10:55:00+05:30,701.0999755859375,701.0999755859375,699.0,700.75,299
2021-06-14 10:56:00+05:30,699.0,699.9000244140625,699.0,699.9000244140625,209
2021-06-14 10:57:00+05:30,699.0,699.0,699.0,699.0,22
2021-06-14 10:58:00+05:30,699.0,700.0499877929688,698.7999877929688,700.0499877929688,132
2021-06-14 10:59:00+05:30,700.0,701.7000122070312,700.0,701.7000122070312,44
2021-06-14 11:00:00+05:30,700.2000122070312,704.7999877929688,700.2000122070312,704.7999877929688,158
2021-06-14 11:02:00+05:30,700.3499755859375,700.5,700.3499755859375,700.5,4
2021-06-14 11:03:00+05:30,700.4500122070312,701.75,700.4500122070312,701.75,15
2021-06-14 11:05:00+05:30,702.9500122070312,702.9500122070312,702.9500122070312,702.9500122070312,51
2021-06-14 11:06:00+05:30,701.9000244140625,702.0,701.9000244140625,702.0,52
2021-06-14 11:07:00+05:30,702.5999755859375,702.5999755859375,702.5999755859375,702.5999755859375,119
2021-06-14 11:08:00+05:30,702.5999755859375,702.9500122070312,701.0499877929688,701.5,119
2021-06-14 11:10:00+05:30,701.0,701.0,700.0499877929688,700.0999755859375,493
2021-06-14 11:11:00+05:30,700.0999755859375,700.5,700.0499877929688,700.5,124
2021-06-14 11:12:00+05:30,700.5,700.5,700.5,700.5,15
2021-06-14 11:13:00+05:30,700.4500122070312,700.4500122070312,700.0,700.0,231
2021-06-14 11:14:00+05:30,700.4500122070312,700.4500122070312,700.4500122070312,700.4500122070312,0
2021-06-14 11:17:00+05:30,700.5,700.5,700.0,700.0,35
2021-06-14 11:18:00+05:30,700.5,700.5,700.5,700.5,4
2021-06-14 11:20:00+05:30,701.0,701.0,701.0,701.0,140
2021-06-14 11:21:00+05:30,700.25,701.5,700.25,701.5,33
2021-06-14 11:23:00+05:30,700.2000122070312,701.4000244140625,700.2000122070312,701.4000244140625,15
2021-06-14 11:24:00+05:30,702.0,702.5,702.0,702.5,1020
2021-06-14 11:25:00+05:30,703.0,707.0,703.0,703.4500122070312,617
2021-06-14 11:26:00+05:30,706.0,709.0,705.9500122070312,707.1500244140625,630
2021-06-14 11:27:00+05:30,707.7999877929688,708.0999755859375,707.0,707.0,274
2021-06-14 11:28:00+05:30,705.7999877929688,705.7999877929688,703.5,704.25,163
2021-06-14 11:29:00+05:30,704.25,706.9500122070312,704.25,706.6500244140625,76
2021-06-14 11:30:00+05:30,705.2000122070312,706.1500244140625,705.2000122070312,706.1500244140625,25
2021-06-14 11:32:00+05:30,705.0499877929688,705.0499877929688,705.0499877929688,705.0499877929688,14
2021-06-14 11:33:00+05:30,706.0,706.0,705.25,705.4000244140625,608
2021-06-14 11:35:00+05:30,705.5999755859375,705.5999755859375,705.5999755859375,705.5999755859375,0
2021-06-14 11:36:00+05:30,705.7000122070312,707.5,705.7000122070312,707.5,118
2021-06-14 11:37:00+05:30,707.5,707.5,707.1500244140625,707.1500244140625,67
2021-06-14 11:38:00+05:30,707.0,707.0,707.0,707.0,54
2021-06-14 11:39:00+05:30,704.5,704.5,704.5,704.5,401
2021-06-14 11:40:00+05:30,704.9000244140625,706.7000122070312,704.9000244140625,706.7000122070312,4
2021-06-14 11:41:00+05:30,704.5499877929688,704.5499877929688,704.5499877929688,704.5499877929688,11
2021-06-14 11:42:00+05:30,704.5499877929688,704.5499877929688,704.5499877929688,704.5499877929688,25
2021-06-14 11:43:00+05:30,706.0,706.9500122070312,704.7000122070312,706.9500122070312,296
2021-06-14 11:44:00+05:30,704.75,704.75,704.5,704.5,275
2021-06-14 11:45:00+05:30,704.5,707.0,704.5,707.0,119
2021-06-14 11:46:00+05:30,707.0,707.0,706.9000244140625,706.9000244140625,155
2021-06-14 11:47:00+05:30,705.0999755859375,707.0,705.0999755859375,707.0,3
2021-06-14 11:48:00+05:30,705.0499877929688,705.0499877929688,705.0499877929688,705.0499877929688,21
2021-06-14 11:49:00+05:30,706.2000122070312,706.2000122070312,705.0499877929688,705.0499877929688,63
2021-06-14 11:50:00+05:30,705.0499877929688,705.0499877929688,704.5499877929688,704.5499877929688,74
2021-06-14 11:51:00+05:30,705.4500122070312,705.7999877929688,704.5,705.7999877929688,84
2021-06-14 11:55:00+05:30,704.5,704.5,704.5,704.5,10
2021-06-14 11:57:00+05:30,705.0,705.0,704.5,704.5,53
2021-06-14 11:59:00+05:30,704.5,704.5,704.5,704.5,173
2021-06-14 12:00:00+05:30,704.5,704.9000244140625,704.5,704.9000244140625,178
2021-06-14 12:02:00+05:30,705.0,705.0,705.0,705.0,216
2021-06-14 12:03:00+05:30,704.5,704.5,704.5,704.5,0
2021-06-14 12:04:00+05:30,704.5,704.5499877929688,704.5,704.5499877929688,47
2021-06-14 12:05:00+05:30,704.0,704.0,704.0,704.0,33
2021-06-14 12:06:00+05:30,704.7999877929688,704.7999877929688,704.7999877929688,704.7999877929688,57
2021-06-14 12:08:00+05:30,704.5,704.5,704.5,704.5,44
2021-06-14 12:09:00+05:30,704.5,704.5,704.5,704.5,101
2021-06-14 12:10:00+05:30,704.5,704.5,704.5,704.5,0
2021-06-14 12:11:00+05:30,705.5,705.5,705.5,705.5,18
2021-06-14 12:12:00+05:30,705.7999877929688,706.2000122070312,705.7999877929688,706.2000122070312,255
2021-06-14 12:13:00+05:30,707.0,707.0,707.0,707.0,56
2021-06-14 12:14:00+05:30,704.6500244140625,704.6500244140625,704.6500244140625,704.6500244140625,17
2021-06-14 12:15:00+05:30,706.2999877929688,706.2999877929688,706.2999877929688,706.2999877929688,30
2021-06-14 12:17:00+05:30,706.0,706.0,706.0,706.0,103
2021-06-14 12:20:00+05:30,704.5499877929688,704.5499877929688,704.5499877929688,704.5499877929688,0
2021-06-14 12:21:00+05:30,705.5999755859375,705.5999755859375,704.5,704.5,240
2021-06-14 12:22:00+05:30,705.4000244140625,705.4000244140625,705.4000244140625,705.4000244140625,0
2021-06-14 12:25:00+05:30,705.0,705.0,705.0,705.0,156
2021-06-14 12:26:00+05:30,705.0,705.0,705.0,705.0,0
2021-06-14 12:27:00+05:30,704.5,704.5499877929688,704.5,704.5499877929688,19
2021-06-14 12:28:00+05:30,704.5499877929688,704.5499877929688,704.5499877929688,704.5499877929688,38
2021-06-14 12:29:00+05:30,704.5,704.5,704.5,704.5,42
2021-06-14 12:30:00+05:30,705.0,705.0,705.0,705.0,237
2021-06-14 12:31:00+05:30,704.6500244140625,704.6500244140625,704.6500244140625,704.6500244140625,6
2021-06-14 12:34:00+05:30,706.9000244140625,706.9000244140625,706.9000244140625,706.9000244140625,210
2021-06-14 12:35:00+05:30,705.1500244140625,705.1500244140625,704.6500244140625,704.6500244140625,69
2021-06-14 12:36:00+05:30,705.0,705.0,704.7000122070312,705.0,80
2021-06-14 12:37:00+05:30,704.6500244140625,705.0,704.6500244140625,705.0,0
2021-06-14 12:38:00+05:30,705.0,705.0,705.0,705.0,6986
2021-06-14 12:39:00+05:30,705.0,705.0,704.6500244140625,705.0,11010
2021-06-14 12:40:00+05:30,705.0,705.0,705.0,705.0,0
2021-06-14 12:41:00+05:30,705.0,705.0,705.0,705.0,938
2021-06-14 12:42:00+05:30,704.6500244140625,704.6500244140625,704.6500244140625,704.6500244140625,0
2021-06-14 12:43:00+05:30,704.6500244140625,704.6500244140625,704.6500244140625,704.6500244140625,55
2021-06-14 12:44:00+05:30,704.6500244140625,704.6500244140625,704.6500244140625,704.6500244140625,370
2021-06-14 12:45:00+05:30,704.6500244140625,705.0,704.6500244140625,705.0,661
2021-06-14 12:47:00+05:30,704.6500244140625,705.0,704.6500244140625,705.0,0
2021-06-14 12:48:00+05:30,705.0,705.0,705.0,705.0,0
2021-06-14 12:50:00+05:30,704.6500244140625,704.6500244140625,704.6500244140625,704.6500244140625,359
2021-06-14 12:51:00+05:30,705.0,705.0,705.0,705.0,0
2021-06-14 12:52:00+05:30,705.0,705.0,705.0,705.0,203
2021-06-14 12:53:00+05:30,705.0,705.0,705.0,705.0,82
2021-06-14 12:54:00+05:30,704.7999877929688,706.9500122070312,704.7999877929688,706.9500122070312,1164
2021-06-14 12:55:00+05:30,705.25,705.25,705.0,705.0,1328
2021-06-14 12:56:00+05:30,705.0,705.0,704.6500244140625,704.6500244140625,892
2021-06-14 12:57:00+05:30,704.9500122070312,705.0,704.9500122070312,705.0,367
2021-06-14 12:58:00+05:30,705.0,705.0,704.6500244140625,704.6500244140625,78
2021-06-14 12:59:00+05:30,705.0,705.0,705.0,705.0,278
2021-06-14 13:00:00+05:30,705.0,705.0,704.6500244140625,704.6500244140625,0
2021-06-14 13:01:00+05:30,704.6500244140625,704.6500244140625,704.4000244140625,704.4000244140625,244
2021-06-14 13:03:00+05:30,705.0,705.0,705.0,705.0,388
2021-06-14 13:04:00+05:30,705.0,705.0,705.0,705.0,0
2021-06-14 13:05:00+05:30,705.0,705.0,704.8499755859375,704.9000244140625,155
2021-06-14 13:06:00+05:30,704.9000244140625,704.9000244140625,704.9000244140625,704.9000244140625,19
2021-06-14 13:07:00+05:30,706.0499877929688,706.0499877929688,706.0499877929688,706.0499877929688,60
2021-06-14 13:08:00+05:30,705.0,705.0,705.0,705.0,118
2021-06-14 13:10:00+05:30,705.0,705.0,705.0,705.0,0
2021-06-14 13:11:00+05:30,704.9500122070312,704.9500122070312,704.9500122070312,704.9500122070312,80
2021-06-14 13:13:00+05:30,704.75,704.7999877929688,704.75,704.75,20
2021-06-14 13:14:00+05:30,704.75,704.75,704.7000122070312,704.7000122070312,0
2021-06-14 13:15:00+05:30,704.0499877929688,704.0499877929688,704.0,704.0,104
2021-06-14 13:16:00+05:30,704.75,704.75,704.75,704.75,46
2021-06-14 13:17:00+05:30,704.7999877929688,704.7999877929688,704.0499877929688,704.0499877929688,24
2021-06-14 13:18:00+05:30,704.75,704.75,704.0499877929688,704.0499877929688,6
2021-06-14 13:24:00+05:30,704.1500244140625,704.1500244140625,704.1500244140625,704.1500244140625,42
2021-06-14 13:25:00+05:30,704.1500244140625,704.1500244140625,704.0999755859375,704.0999755859375,87
2021-06-14 13:26:00+05:30,704.0999755859375,704.0999755859375,703.0,703.0,578
2021-06-14 13:27:00+05:30,703.5499877929688,703.5499877929688,702.0499877929688,702.0499877929688,98
2021-06-14 13:28:00+05:30,702.9500122070312,703.0499877929688,702.0499877929688,703.0499877929688,1118
2021-06-14 13:29:00+05:30,703.0,703.0,702.0,702.0,126
2021-06-14 13:30:00+05:30,702.0,702.0,702.0,702.0,499
2021-06-14 13:34:00+05:30,703.0,703.0,702.0,702.9500122070312,139
2021-06-14 13:35:00+05:30,702.0,702.9500122070312,702.0,702.9500122070312,96
2021-06-14 13:36:00+05:30,703.0,703.0,702.9500122070312,702.9500122070312,114
2021-06-14 13:37:00+05:30,703.0,703.0,703.0,703.0,20
2021-06-14 13:38:00+05:30,703.0,703.0,703.0,703.0,100
2021-06-14 13:39:00+05:30,703.0,703.0,703.0,703.0,102
2021-06-14 13:40:00+05:30,702.0499877929688,702.9500122070312,702.0499877929688,702.9500122070312,102
2021-06-14 13:41:00+05:30,702.9500122070312,702.9500122070312,702.9500122070312,702.9500122070312,50
2021-06-14 13:42:00+05:30,703.0,703.0,703.0,703.0,47
2021-06-14 13:43:00+05:30,702.9500122070312,703.0,702.9500122070312,703.0,151
2021-06-14 13:45:00+05:30,703.7000122070312,703.7000122070312,703.7000122070312,703.7000122070312,32
2021-06-14 13:46:00+05:30,702.9500122070312,703.0,702.9500122070312,703.0,174
2021-06-14 13:49:00+05:30,703.9000244140625,703.9000244140625,703.9000244140625,703.9000244140625,38
2021-06-14 13:50:00+05:30,700.0,700.0,700.0,700.0,1033
2021-06-14 13:51:00+05:30,699.0,699.0,698.0999755859375,698.0999755859375,91
2021-06-14 13:52:00+05:30,699.7000122070312,699.7000122070312,699.7000122070312,699.7000122070312,101
2021-06-14 13:53:00+05:30,699.7000122070312,700.0,698.0,698.0,1430
2021-06-14 13:54:00+05:30,699.0,699.5499877929688,699.0,699.5499877929688,0
2021-06-14 13:55:00+05:30,698.1500244140625,699.5,698.1500244140625,699.2999877929688,101
2021-06-14 13:56:00+05:30,698.25,699.25,698.25,698.25,13
2021-06-14 13:58:00+05:30,699.1500244140625,699.2000122070312,699.1500244140625,699.2000122070312,98
2021-06-14 13:59:00+05:30,700.0,700.0,699.2000122070312,699.2000122070312,26
2021-06-14 14:00:00+05:30,700.0,700.0,699.9500122070312,699.9500122070312,204
2021-06-14 14:01:00+05:30,698.0,699.1500244140625,698.0,699.1500244140625,524
2021-06-14 14:04:00+05:30,699.4500122070312,699.4500122070312,699.4500122070312,699.4500122070312,168
2021-06-14 14:05:00+05:30,699.5,699.5,699.5,699.5,0
2021-06-14 14:06:00+05:30,699.4500122070312,699.4500122070312,699.4500122070312,699.4500122070312,10
2021-06-14 14:07:00+05:30,699.5,699.5,698.0,698.0,332
2021-06-14 14:08:00+05:30,699.0,699.0,699.0,699.0,0
2021-06-14 14:09:00+05:30,698.9000244140625,698.9000244140625,698.9000244140625,698.9000244140625,14
2021-06-14 14:10:00+05:30,698.9000244140625,698.9000244140625,698.9000244140625,698.9000244140625,41
2021-06-14 14:12:00+05:30,698.0499877929688,698.9000244140625,698.0499877929688,698.9000244140625,13
2021-06-14 14:13:00+05:30,699.3499755859375,699.3499755859375,699.3499755859375,699.3499755859375,5
2021-06-14 14:14:00+05:30,699.3499755859375,699.3499755859375,699.2999877929688,699.2999877929688,28
2021-06-14 14:15:00+05:30,699.5,699.5,699.4500122070312,699.4500122070312,59
2021-06-14 14:16:00+05:30,700.0,700.0,700.0,700.0,507
2021-06-14 14:17:00+05:30,699.9000244140625,699.9000244140625,699.9000244140625,699.9000244140625,0
2021-06-14 14:18:00+05:30,699.9500122070312,699.9500122070312,699.0499877929688,699.0499877929688,59
2021-06-14 14:20:00+05:30,699.9000244140625,699.9000244140625,699.9000244140625,699.9000244140625,0
2021-06-14 14:22:00+05:30,699.7000122070312,699.9000244140625,699.7000122070312,699.9000244140625,41
2021-06-14 14:23:00+05:30,699.0999755859375,699.0999755859375,699.0999755859375,699.0999755859375,20
2021-06-14 14:24:00+05:30,699.5,699.9000244140625,699.5,699.9000244140625,282
2021-06-14 14:25:00+05:30,699.5,699.5,699.5,699.5,0
2021-06-14 14:27:00+05:30,699.9000244140625,700.0,699.9000244140625,700.0,150
2021-06-14 14:28:00+05:30,700.0,700.0,700.0,700.0,63
2021-06-14 14:29:00+05:30,700.0,700.0,700.0,700.0,0
2021-06-14 14:31:00+05:30,699.25,699.25,699.25,699.25,31
2021-06-14 14:33:00+05:30,699.8499755859375,699.8499755859375,699.8499755859375,699.8499755859375,20
2021-06-14 14:34:00+05:30,699.8499755859375,699.9500122070312,699.8499755859375,699.9500122070312,17
2021-06-14 14:35:00+05:30,699.9500122070312,699.9500122070312,699.8499755859375,699.9500122070312,51
2021-06-14 14:36:00+05:30,700.0,700.0,699.8499755859375,700.0,119
2021-06-14 14:37:00+05:30,699.8499755859375,700.0,699.5999755859375,700.0,779
2021-06-14 14:38:00+05:30,700.0,700.0,699.0,699.0,324
2021-06-14 14:39:00+05:30,699.9500122070312,699.9500122070312,699.5999755859375,699.9500122070312,86
2021-06-14 14:42:00+05:30,699.9500122070312,699.9500122070312,699.9500122070312,699.9500122070312,0
2021-06-14 14:43:00+05:30,699.8499755859375,699.8499755859375,698.2000122070312,698.2000122070312,86
2021-06-14 14:44:00+05:30,698.9500122070312,699.0999755859375,698.9500122070312,699.0,33
2021-06-14 14:45:00+05:30,699.0,699.0999755859375,698.1500244140625,698.1500244140625,65
2021-06-14 14:46:00+05:30,698.2000122070312,698.2000122070312,698.2000122070312,698.2000122070312,51
2021-06-14 14:47:00+05:30,698.2000122070312,698.2000122070312,698.1500244140625,698.1500244140625,43
2021-06-14 14:48:00+05:30,698.0999755859375,698.0999755859375,698.0999755859375,698.0999755859375,20
2021-06-14 14:49:00+05:30,698.0999755859375,698.0999755859375,698.0,698.0,61
2021-06-14 14:50:00+05:30,698.0499877929688,698.0499877929688,698.0499877929688,698.0499877929688,37
2021-06-14 14:51:00+05:30,698.1500244140625,698.1500244140625,698.1500244140625,698.1500244140625,36
2021-06-14 14:52:00+05:30,698.1500244140625,698.1500244140625,698.1500244140625,698.1500244140625,212
2021-06-14 14:53:00+05:30,698.1500244140625,698.1500244140625,698.1500244140625,698.1500244140625,304
2021-06-14 14:54:00+05:30,698.0499877929688,698.1500244140625,698.0,698.0,116
2021-06-14 14:55:00+05:30,698.0,698.2000122070312,698.0,698.2000122070312,120
2021-06-14 14:56:00+05:30,698.2000122070312,699.8499755859375,698.2000122070312,698.2000122070312,153
2021-06-14 14:57:00+05:30,700.0,700.0,698.4000244140625,698.4000244140625,148
2021-06-14 14:58:00+05:30,698.4000244140625,698.4000244140625,698.4000244140625,698.4000244140625,32
2021-06-14 14:59:00+05:30,699.9000244140625,700.0,699.8499755859375,700.0,398
2021-06-14 15:00:00+05:30,700.0,700.0,699.0,699.0,0
2021-06-14 15:01:00+05:30,699.0,699.0,699.0,699.0,10
2021-06-14 15:02:00+05:30,699.0,699.0,698.2000122070312,698.2000122070312,121
2021-06-14 15:03:00+05:30,698.0499877929688,698.0499877929688,698.0499877929688,698.0499877929688,92
2021-06-14 15:04:00+05:30,698.9500122070312,698.9500122070312,698.0999755859375,698.0999755859375,13
2021-06-14 15:05:00+05:30,698.8499755859375,698.9000244140625,698.0,698.8499755859375,261
2021-06-14 15:06:00+05:30,698.9000244140625,698.9000244140625,698.0,698.0,136
2021-06-14 15:07:00+05:30,699.0,699.0,696.2999877929688,697.1500244140625,1038
2021-06-14 15:08:00+05:30,695.0999755859375,696.2999877929688,693.5,693.5,322
2021-06-14 15:09:00+05:30,693.0,693.9500122070312,693.0,693.5,121
2021-06-14 15:10:00+05:30,693.5,694.6500244140625,693.5,694.6500244140625,104
2021-06-14 15:11:00+05:30,694.6500244140625,695.0499877929688,694.6500244140625,694.9500122070312,103
2021-06-14 15:12:00+05:30,695.0,695.0999755859375,695.0,695.0,415
2021-06-14 15:13:00+05:30,695.0999755859375,695.0999755859375,695.0,695.0999755859375,205
2021-06-14 15:14:00+05:30,695.0999755859375,695.0999755859375,695.0,695.0999755859375,284
2021-06-14 15:15:00+05:30,695.0999755859375,695.0999755859375,695.0999755859375,695.0999755859375,245
2021-06-14 15:16:00+05:30,695.0999755859375,698.9000244140625,695.0,698.9000244140625,905
2021-06-14 15:17:00+05:30,695.5499877929688,696.0499877929688,695.5499877929688,696.0499877929688,91
2021-06-14 15:18:00+05:30,696.7000122070312,696.7000122070312,695.5999755859375,696.6500244140625,897
2021-06-14 15:19:00+05:30,696.0,696.0,695.5999755859375,695.5999755859375,823
2021-06-14 15:20:00+05:30,696.5,696.5,693.0,694.7000122070312,1053
2021-06-14 15:21:00+05:30,695.2000122070312,695.5,695.0,695.5,475
2021-06-14 15:22:00+05:30,695.7999877929688,695.7999877929688,695.2999877929688,695.7999877929688,82
2021-06-14 15:23:00+05:30,695.3499755859375,695.75,694.0,695.75,755
2021-06-14 15:24:00+05:30,695.0499877929688,695.9000244140625,695.0499877929688,695.1500244140625,394
2021-06-14 15:25:00+05:30,695.9500122070312,695.9500122070312,695.25,695.9500122070312,351
2021-06-14 15:26:00+05:30,695.3499755859375,696.0,695.3499755859375,696.0,321
2021-06-14 15:27:00+05:30,696.0,697.2000122070312,696.0,697.2000122070312,573
2021-06-14 15:28:00+05:30,697.6500244140625,699.6500244140625,697.6500244140625,699.6500244140625,996
2021-06-14 15:29:00+05:30,699.7000122070312,700.0,696.3499755859375,696.3499755859375,2457
2021-06-15 09:15:00+05:30,708.7999877929688,712.0,708.7999877929688,711.0,0
2021-06-15 09:16:00+05:30,711.0,711.9500122070312,709.0,710.0,1952
2021-06-15 09:17:00+05:30,710.0,718.9500122070312,710.0,715.2000122070312,3911
2021-06-15 09:18:00+05:30,721.4500122070312,739.0,721.4500122070312,729.7999877929688,13341
2021-06-15 09:19:00+05:30,728.9500122070312,729.7999877929688,727.2999877929688,728.5,3571
2021-06-15 09:20:00+05:30,729.0,732.0,726.5499877929688,732.0,7538
2021-06-15 09:21:00+05:30,731.0499877929688,731.0499877929688,730.0,730.0,4247
2021-06-15 09:22:00+05:30,731.0,731.0,728.4500122070312,728.4500122070312,3305
2021-06-15 09:23:00+05:30,728.7000122070312,731.0,728.7000122070312,730.0,6574
2021-06-15 09:24:00+05:30,729.0,729.0,725.0,726.0,1700
2021-06-15 09:25:00+05:30,726.0999755859375,726.0999755859375,725.0,725.0499877929688,2725
2021-06-15 09:26:00+05:30,725.8499755859375,725.8499755859375,724.1500244140625,724.1500244140625,859
2021-06-15 09:27:00+05:30,723.4500122070312,724.9500122070312,723.4500122070312,724.2000122070312,1170
2021-06-15 09:28:00+05:30,724.1500244140625,724.9500122070312,724.1500244140625,724.9500122070312,268
2021-06-15 09:29:00+05:30,724.0,724.0,723.7000122070312,723.7000122070312,952
2021-06-15 09:30:00+05:30,724.2999877929688,725.0,724.2999877929688,725.0,374
2021-06-15 09:31:00+05:30,723.75,723.75,723.75,723.75,987
2021-06-15 09:32:00+05:30,724.7000122070312,724.75,724.0,724.7000122070312,388
2021-06-15 09:33:00+05:30,723.9500122070312,728.4000244140625,723.9500122070312,726.0499877929688,2316
2021-06-15 09:34:00+05:30,728.0,730.0499877929688,727.5999755859375,730.0499877929688,8238
2021-06-15 09:35:00+05:30,730.0,730.9000244140625,729.6500244140625,730.75,3395
2021-06-15 09:36:00+05:30,726.0,726.0,722.5,724.3499755859375,3374
2021-06-15 09:37:00+05:30,724.0499877929688,725.3499755859375,724.0499877929688,724.9500122070312,903
2021-06-15 09:38:00+05:30,725.0,725.0,723.5999755859375,723.5999755859375,2778
2021-06-15 09:39:00+05:30,724.0,727.9500122070312,723.0,727.9500122070312,2210
2021-06-15 09:40:00+05:30,727.9500122070312,729.25,727.9000244140625,728.8499755859375,1226
2021-06-15 09:41:00+05:30,728.0,728.6500244140625,724.0,728.0,3148
2021-06-15 09:42:00+05:30,726.5999755859375,728.0,726.0,728.0,2466
2021-06-15 09:43:00+05:30,728.0,730.0,728.0,728.2000122070312,10159
2021-06-15 09:44:00+05:30,726.7999877929688,731.0,722.0,730.3499755859375,2500
2021-06-15 09:45:00+05:30,730.0,730.0,727.4000244140625,729.0,566
2021-06-15 09:46:00+05:30,728.5999755859375,729.0,728.0,728.1500244140625,1011
2021-06-15 09:47:00+05:30,728.1500244140625,728.1500244140625,724.2999877929688,726.0,5706
2021-06-15 09:48:00+05:30,726.0,726.0,724.9500122070312,726.0,1374
2021-06-15 09:49:00+05:30,725.1500244140625,727.6500244140625,725.1500244140625,726.5999755859375,883
2021-06-15 09:50:00+05:30,725.5499877929688,728.0,725.1500244140625,728.0,641
2021-06-15 09:51:00+05:30,728.25,729.7999877929688,728.25,729.75,716
2021-06-15 09:52:00+05:30,727.6500244140625,729.7000122070312,726.75,729.7000122070312,731
2021-06-15 09:53:00+05:30,729.7999877929688,730.0,729.3499755859375,730.0,773
2021-06-15 09:54:00+05:30,730.0,730.0,727.4500122070312,729.9000244140625,410
2021-06-15 09:55:00+05:30,730.0,730.0,726.9500122070312,729.8499755859375,591
2021-06-15 09:56:00+05:30,729.0,729.5499877929688,727.4500122070312,727.7000122070312,692
2021-06-15 09:57:00+05:30,728.5499877929688,729.2999877929688,728.5499877929688,729.2999877929688,360
2021-06-15 09:58:00+05:30,729.5,729.5,729.0,729.2999877929688,456
2021-06-15 09:59:00+05:30,730.0,731.0,728.25,730.0999755859375,2843
2021-06-15 10:00:00+05:30,730.0999755859375,730.9500122070312,730.0999755859375,730.7999877929688,434
2021-06-15 10:01:00+05:30,730.2000122070312,730.4500122070312,730.0999755859375,730.0999755859375,393
2021-06-15 10:02:00+05:30,730.0999755859375,730.0999755859375,730.0999755859375,730.0999755859375,2829
2021-06-15 10:03:00+05:30,730.0999755859375,731.0,729.9500122070312,731.0,3655
2021-06-15 10:04:00+05:30,731.0,731.3499755859375,729.9000244140625,730.0,5594
2021-06-15 10:05:00+05:30,730.0,730.0,729.0,730.0,871
2021-06-15 10:06:00+05:30,729.9500122070312,729.9500122070312,728.0,729.9000244140625,1095
2021-06-15 10:07:00+05:30,729.0,730.0,728.0,730.0,377
2021-06-15 10:08:00+05:30,729.7999877929688,729.9500122070312,728.0,729.0999755859375,419
2021-06-15 10:09:00+05:30,729.1500244140625,729.1500244140625,727.2999877929688,728.9500122070312,1293
2021-06-15 10:10:00+05:30,728.0499877929688,729.4000244140625,728.0499877929688,729.4000244140625,83
2021-06-15 10:11:00+05:30,728.5999755859375,731.5,728.5999755859375,731.2000122070312,7562
2021-06-15 10:12:00+05:30,732.0,732.0,730.0,731.0,3233
2021-06-15 10:13:00+05:30,731.0,731.0499877929688,729.0,730.0,638
2021-06-15 10:14:00+05:30,728.4500122070312,731.0,728.4500122070312,731.0,2650
2021-06-15 10:15:00+05:30,731.0,731.1500244140625,729.9500122070312,729.9500122070312,1504
2021-06-15 10:16:00+05:30,729.9500122070312,730.0,728.2999877929688,728.2999877929688,1191
2021-06-15 10:17:00+05:30,728.0499877929688,730.0,728.0499877929688,729.0999755859375,650
2021-06-15 10:18:00+05:30,729.9000244140625,729.9000244140625,725.0,725.0,3633
2021-06-15 10:19:00+05:30,725.0,727.9500122070312,723.0999755859375,725.5999755859375,958
2021-06-15 10:20:00+05:30,724.5,725.0999755859375,723.5,725.0999755859375,721
2021-06-15 10:21:00+05:30,722.5999755859375,723.0,722.5,723.0,781
2021-06-15 10:22:00+05:30,723.0,723.0,722.5,723.0,436
2021-06-15 10:23:00+05:30,723.0,723.0,722.1500244140625,722.1500244140625,632
2021-06-15 10:24:00+05:30,724.9500122070312,724.9500122070312,723.5999755859375,723.5999755859375,8882
2021-06-15 10:25:00+05:30,724.7000122070312,724.7000122070312,724.0499877929688,724.0499877929688,3
2021-06-15 10:26:00+05:30,724.1500244140625,725.0,724.0499877929688,725.0,58
2021-06-15 10:27:00+05:30,724.0,725.0,724.0,724.9500122070312,499
2021-06-15 10:28:00+05:30,723.7000122070312,725.0,723.25,724.0999755859375,151
2021-06-15 10:29:00+05:30,724.9500122070312,724.9500122070312,724.9500122070312,724.9500122070312,89
2021-06-15 10:30:00+05:30,724.1500244140625,724.1500244140625,724.0,724.0,111
2021-06-15 10:31:00+05:30,723.0,723.25,723.0,723.25,295
2021-06-15 10:32:00+05:30,723.25,723.5,723.0,723.5,251
2021-06-15 10:33:00+05:30,723.5,723.5,722.0,722.7999877929688,1293
2021-06-15 10:34:00+05:30,722.7999877929688,723.5499877929688,722.7999877929688,723.5,34
2021-06-15 10:35:00+05:30,722.5,722.5,722.5,722.5,150
2021-06-15 10:36:00+05:30,723.7000122070312,723.7000122070312,722.5,722.5,238
2021-06-15 10:37:00+05:30,723.2999877929688,723.6500244140625,722.5499877929688,723.2999877929688,22
2021-06-15 10:38:00+05:30,723.0,723.0,723.0,723.0,4
2021-06-15 10:39:00+05:30,722.9500122070312,723.0,722.9500122070312,723.0,473
2021-06-15 10:40:00+05:30,723.0,723.5999755859375,723.0,723.5999755859375,34
2021-06-15 10:41:00+05:30,722.4500122070312,725.4000244140625,722.4500122070312,725.0,850
2021-06-15 10:42:00+05:30,725.0,725.0,725.0,725.0,281
2021-06-15 10:43:00+05:30,725.0,725.0,722.0,722.0,258
2021-06-15 10:44:00+05:30,722.75,722.7999877929688,721.9500122070312,722.7000122070312,6872
2021-06-15 10:45:00+05:30,723.0499877929688,723.5,723.0499877929688,723.5,99
2021-06-15 10:46:00+05:30,723.0,724.0,723.0,723.0499877929688,145
2021-06-15 10:47:00+05:30,723.0,723.0,723.0,723.0,175
2021-06-15 10:48:00+05:30,723.6500244140625,723.6500244140625,723.6500244140625,723.6500244140625,0
2021-06-15 10:49:00+05:30,723.7000122070312,723.7000122070312,723.7000122070312,723.7000122070312,0
2021-06-15 10:50:00+05:30,723.6500244140625,724.25,723.0,724.25,617
2021-06-15 10:51:00+05:30,724.2999877929688,724.2999877929688,724.2999877929688,724.2999877929688,140
2021-06-15 10:52:00+05:30,724.25,724.5,723.0499877929688,723.0499877929688,145
2021-06-15 10:54:00+05:30,723.9000244140625,723.9000244140625,723.0,723.0,31
2021-06-15 10:55:00+05:30,723.9500122070312,723.9500122070312,723.8499755859375,723.8499755859375,48
2021-06-15 10:56:00+05:30,723.9500122070312,724.0,723.9500122070312,724.0,51
2021-06-15 10:57:00+05:30,723.9500122070312,723.9500122070312,723.9500122070312,723.9500122070312,0
2021-06-15 10:58:00+05:30,723.7000122070312,723.7000122070312,723.7000122070312,723.7000122070312,5
2021-06-15 10:59:00+05:30,723.7000122070312,723.7000122070312,723.7000122070312,723.7000122070312,30
2021-06-15 11:00:00+05:30,723.0,723.0,723.0,723.0,156
2021-06-15 11:01:00+05:30,723.5,723.5,723.0,723.0,56
2021-06-15 11:02:00+05:30,722.2999877929688,723.4500122070312,722.2999877929688,723.4500122070312,37
2021-06-15 11:03:00+05:30,723.5,723.5,723.0,723.0,1189
2021-06-15 11:04:00+05:30,723.0,723.0,722.4500122070312,723.0,2565
2021-06-15 11:05:00+05:30,723.0,723.0,723.0,723.0,3010
2021-06-15 11:06:00+05:30,723.0,723.0,723.0,723.0,2798
2021-06-15 11:07:00+05:30,723.0,723.0,723.0,723.0,2669
2021-06-15 11:08:00+05:30,723.0,723.0,723.0,723.0,3000
2021-06-15 11:09:00+05:30,723.0,723.0,723.0,723.0,2900
2021-06-15 11:10:00+05:30,723.0,723.0,723.0,723.0,2920
2021-06-15 11:11:00+05:30,723.0,723.0,723.0,723.0,3002
2021-06-15 11:12:00+05:30,723.0,723.0,722.5,723.0,10853
2021-06-15 11:13:00+05:30,723.0,723.0,722.5,723.0,17030
2021-06-15 11:14:00+05:30,722.0,722.5,722.0,722.0499877929688,0
2021-06-15 11:15:00+05:30,722.0499877929688,723.0,722.0,722.0,41
2021-06-15 11:16:00+05:30,723.0,723.0,722.9500122070312,722.9500122070312,84
2021-06-15 11:17:00+05:30,722.0,722.5999755859375,722.0,722.0999755859375,12
2021-06-15 11:18:00+05:30,722.0,722.0,720.2000122070312,720.2000122070312,392
2021-06-15 11:19:00+05:30,720.75,720.75,720.2000122070312,720.5,439
2021-06-15 11:21:00+05:30,720.5,721.6500244140625,720.5,721.6500244140625,22
2021-06-15 11:22:00+05:30,721.5999755859375,721.5999755859375,721.5999755859375,721.5999755859375,5
2021-06-15 11:23:00+05:30,720.9500122070312,720.9500122070312,720.5,720.5,569
2021-06-15 11:24:00+05:30,721.5999755859375,721.9000244140625,721.5999755859375,721.9000244140625,0
2021-06-15 11:25:00+05:30,721.9500122070312,721.9500122070312,721.5499877929688,721.9500122070312,41
2021-06-15 11:26:00+05:30,721.9500122070312,721.9500122070312,721.9500122070312,721.9500122070312,0
2021-06-15 11:27:00+05:30,721.5499877929688,721.5499877929688,721.0,721.0,12
2021-06-15 11:28:00+05:30,720.5499877929688,720.5499877929688,720.5499877929688,720.5499877929688,263
2021-06-15 11:29:00+05:30,720.5499877929688,721.9000244140625,720.5,721.9000244140625,128
2021-06-15 11:30:00+05:30,721.8499755859375,721.8499755859375,721.8499755859375,721.8499755859375,12
2021-06-15 11:32:00+05:30,720.5,720.5,720.5,720.5,187
2021-06-15 11:34:00+05:30,720.5499877929688,721.75,720.5499877929688,721.75,109
2021-06-15 11:35:00+05:30,721.0,721.0,721.0,721.0,2
2021-06-15 11:36:00+05:30,721.2000122070312,721.2000122070312,721.2000122070312,721.2000122070312,94
2021-06-15 11:37:00+05:30,721.25,721.25,721.25,721.25,63
2021-06-15 11:38:00+05:30,721.2000122070312,721.5499877929688,721.2000122070312,721.5,138
2021-06-15 11:39:00+05:30,721.5499877929688,721.5499877929688,721.5499877929688,721.5499877929688,60
2021-06-15 11:40:00+05:30,721.5499877929688,721.5499877929688,721.5499877929688,721.5499877929688,14
2021-06-15 11:41:00+05:30,721.5,721.5499877929688,720.0,720.0,3033
2021-06-15 11:42:00+05:30,720.0,720.0,719.2000122070312,720.0,363
2021-06-15 11:43:00+05:30,720.0,720.0,720.0,720.0,99
2021-06-15 11:44:00+05:30,720.0,720.0,719.25,719.25,216
2021-06-15 11:45:00+05:30,720.0,720.0,719.9500122070312,719.9500122070312,305
2021-06-15 11:46:00+05:30,717.0,718.0499877929688,717.0,717.5499877929688,386
2021-06-15 11:47:00+05:30,717.5499877929688,717.5499877929688,717.5499877929688,717.5499877929688,129
2021-06-15 11:48:00+05:30,719.7000122070312,720.0,719.7000122070312,720.0,632
2021-06-15 11:49:00+05:30,719.7000122070312,720.0,719.7000122070312,720.0,608
2021-06-15 11:50:00+05:30,720.0,720.0,719.7000122070312,720.0,956
2021-06-15 11:51:00+05:30,719.9500122070312,720.0,719.9500122070312,720.0,108
2021-06-15 11:52:00+05:30,720.0,721.0,719.5,720.0,3351
2021-06-15 11:53:00+05:30,720.0,720.0,719.0,720.0,1020
2021-06-15 11:54:00+05:30,720.0,720.0,720.0,720.0,1067
2021-06-15 11:55:00+05:30,720.0,720.0,719.1500244140625,720.0,409
2021-06-15 11:56:00+05:30,720.0,720.0,719.0,719.0,1075
2021-06-15 11:57:00+05:30,720.0,720.0,719.9500122070312,720.0,480
2021-06-15 11:58:00+05:30,719.9500122070312,720.0,717.7999877929688,719.5999755859375,595
2021-06-15 11:59:00+05:30,718.8499755859375,719.7999877929688,717.9500122070312,719.7999877929688,233
2021-06-15 12:00:00+05:30,719.0,720.0,719.0,720.0,732
2021-06-15 12:01:00+05:30,720.0,720.0,718.0499877929688,719.0999755859375,189
2021-06-15 12:02:00+05:30,719.0,719.0,718.0999755859375,718.0999755859375,282
2021-06-15 12:04:00+05:30,719.0,719.0,719.0,719.0,15
2021-06-15 12:05:00+05:30,719.5499877929688,720.0,719.5499877929688,720.0,542
2021-06-15 12:06:00+05:30,720.0,720.0,720.0,720.0,288
2021-06-15 12:07:00+05:30,720.0,720.0,719.9000244140625,719.9000244140625,78
2021-06-15 12:08:00+05:30,719.0499877929688,719.0499877929688,719.0,719.0,193
2021-06-15 12:09:00+05:30,719.0,719.0,719.0,719.0,90
2021-06-15 12:10:00+05:30,720.0,720.0,718.3499755859375,718.3499755859375,1600
2021-06-15 12:11:00+05:30,718.5499877929688,718.5499877929688,718.5499877929688,718.5499877929688,0
2021-06-15 12:12:00+05:30,719.0499877929688,719.0499877929688,719.0499877929688,719.0499877929688,120
2021-06-15 12:13:00+05:30,719.9000244140625,719.9000244140625,719.9000244140625,719.9000244140625,102
2021-06-15 12:14:00+05:30,719.5,719.5,719.5,719.5,10
2021-06-15 12:15:00+05:30,719.9500122070312,720.6500244140625,719.5,719.5,783
2021-06-15 12:16:00+05:30,720.25,721.0,720.25,721.0,1198
2021-06-15 12:17:00+05:30,720.25,721.0,720.25,721.0,444
2021-06-15 12:18:00+05:30,721.0,721.0,720.5,720.5,500
2021-06-15 12:19:00+05:30,721.0,721.0,720.5,720.5,2
2021-06-15 12:20:00+05:30,721.0,721.0,721.0,721.0,1607
2021-06-15 12:21:00+05:30,721.0,721.0,720.9500122070312,721.0,1495
2021-06-15 12:22:00+05:30,720.9500122070312,720.9500122070312,719.0999755859375,719.0999755859375,863
2021-06-15 12:23:00+05:30,719.8499755859375,720.0,719.8499755859375,720.0,52
2021-06-15 12:24:00+05:30,719.4000244140625,720.0,719.4000244140625,720.0,1773
2021-06-15 12:25:00+05:30,719.0999755859375,720.0,719.0999755859375,720.0,0
2021-06-15 12:26:00+05:30,720.0,720.0,719.1500244140625,719.1500244140625,91
2021-06-15 12:28:00+05:30,719.75,720.0,719.75,720.0,107
2021-06-15 12:29:00+05:30,719.9500122070312,719.9500122070312,719.9500122070312,719.9500122070312,45
2021-06-15 12:30:00+05:30,720.0,720.0,719.9500122070312,719.9500122070312,14
2021-06-15 12:31:00+05:30,720.0,720.0,720.0,720.0,16
2021-06-15 12:32:00+05:30,719.9500122070312,720.0,719.9500122070312,719.9500122070312,52
2021-06-15 12:33:00+05:30,719.9500122070312,719.9500122070312,719.9500122070312,719.9500122070312,40
2021-06-15 12:34:00+05:30,720.0,720.0,720.0,720.0,280
2021-06-15 12:35:00+05:30,719.9500122070312,720.0,719.9500122070312,720.0,96
2021-06-15 12:37:00+05:30,720.0,720.0,720.0,720.0,17
2021-06-15 12:38:00+05:30,719.9500122070312,719.9500122070312,719.9500122070312,719.9500122070312,110
2021-06-15 12:42:00+05:30,719.9500122070312,720.0,719.9500122070312,720.0,245
2021-06-15 12:43:00+05:30,720.0,720.0,720.0,720.0,222
2021-06-15 12:44:00+05:30,719.9500122070312,720.0,719.9500122070312,720.0,0
2021-06-15 12:45:00+05:30,719.9500122070312,720.0,719.9500122070312,719.9500122070312,73
2021-06-15 12:46:00+05:30,720.0,720.0,719.9500122070312,719.9500122070312,42
2021-06-15 12:47:00+05:30,720.0,720.0,720.0,720.0,105
2021-06-15 12:48:00+05:30,720.0,720.0,719.9000244140625,719.9000244140625,159
2021-06-15 12:49:00+05:30,720.0,720.0,720.0,720.0,19
2021-06-15 12:50:00+05:30,720.0,720.0,719.9500122070312,719.9500122070312,127
2021-06-15 12:51:00+05:30,720.0,720.0,720.0,720.0,1041
2021-06-15 12:52:00+05:30,720.0,720.0,720.0,720.0,114
2021-06-15 12:53:00+05:30,719.9500122070312,719.9500122070312,719.9000244140625,719.9000244140625,123
2021-06-15 12:54:00+05:30,719.9500122070312,720.0,719.9500122070312,720.0,719
2021-06-15 12:55:00+05:30,719.2000122070312,720.0,719.2000122070312,720.0,192
2021-06-15 12:56:00+05:30,719.2000122070312,719.9000244140625,719.2000122070312,719.9000244140625,187
2021-06-15 12:57:00+05:30,719.1500244140625,719.1500244140625,719.1500244140625,719.1500244140625,506
2021-06-15 12:58:00+05:30,719.8499755859375,719.8499755859375,719.7999877929688,719.7999877929688,0
2021-06-15 12:59:00+05:30,719.1500244140625,719.1500244140625,719.1500244140625,719.1500244140625,139
2021-06-15 13:00:00+05:30,719.1500244140625,719.1500244140625,719.1500244140625,719.1500244140625,6
2021-06-15 13:01:00+05:30,719.0999755859375,719.5499877929688,719.0999755859375,719.5499877929688,129
2021-06-15 13:02:00+05:30,719.5499877929688,719.5999755859375,719.5499877929688,719.5999755859375,280
2021-06-15 13:03:00+05:30,719.5999755859375,719.8499755859375,719.5999755859375,719.8499755859375,0
2021-06-15 13:04:00+05:30,719.8499755859375,719.9000244140625,719.5999755859375,719.9000244140625,77
2021-06-15 13:05:00+05:30,719.0999755859375,721.0,719.0999755859375,721.0,2395
2021-06-15 13:06:00+05:30,719.9000244140625,720.0,719.9000244140625,720.0,502
2021-06-15 13:08:00+05:30,719.2000122070312,719.2000122070312,719.2000122070312,719.2000122070312,10
2021-06-15 13:10:00+05:30,719.2000122070312,719.2000122070312,719.2000122070312,719.2000122070312,15
2021-06-15 13:11:00+05:30,719.8499755859375,719.8499755859375,719.8499755859375,719.8499755859375,10
2021-06-15 13:12:00+05:30,719.9000244140625,719.9000244140625,719.7000122070312,719.8499755859375,149
2021-06-15 13:13:00+05:30,719.8499755859375,720.0,719.8499755859375,720.0,495
2021-06-15 13:15:00+05:30,720.0,720.0,720.0,720.0,246
2021-06-15 13:16:00+05:30,719.9500122070312,720.0,719.9500122070312,720.0,2590
2021-06-15 13:17:00+05:30,719.9500122070312,720.0,719.9500122070312,720.0,0
2021-06-15 13:18:00+05:30,719.9500122070312,719.9500122070312,719.9500122070312,719.9500122070312,0
2021-06-15 13:19:00+05:30,719.9500122070312,719.9500122070312,719.9000244140625,719.9000244140625,62
2021-06-15 13:20:00+05:30,719.1500244140625,719.2000122070312,719.1500244140625,719.2000122070312,71
2021-06-15 13:21:00+05:30,719.8499755859375,719.8499755859375,719.8499755859375,719.8499755859375,0
2021-06-15 13:22:00+05:30,719.8499755859375,719.8499755859375,719.8499755859375,719.8499755859375,340
2021-06-15 13:24:00+05:30,719.75,719.75,719.75,719.75,0
2021-06-15 13:25:00+05:30,719.7000122070312,719.7000122070312,719.2000122070312,719.2000122070312,337
2021-06-15 13:26:00+05:30,719.2000122070312,719.7000122070312,719.2000122070312,719.25,40
2021-06-15 13:28:00+05:30,720.0,720.0,719.25,719.2999877929688,1190
2021-06-15 13:29:00+05:30,719.8499755859375,719.8499755859375,719.8499755859375,719.8499755859375,0
2021-06-15 13:30:00+05:30,719.25,719.8499755859375,719.25,719.8499755859375,53
2021-06-15 13:31:00+05:30,719.7999877929688,719.7999877929688,719.7999877929688,719.7999877929688,10013
2021-06-15 13:32:00+05:30,719.7000122070312,719.7000122070312,719.7000122070312,719.7000122070312,62
2021-06-15 13:33:00+05:30,719.7000122070312,719.7000122070312,719.7000122070312,719.7000122070312,92
2021-06-15 13:34:00+05:30,719.7000122070312,719.7000122070312,719.0499877929688,719.2999877929688,90
2021-06-15 13:35:00+05:30,719.0499877929688,719.0499877929688,719.0499877929688,719.0499877929688,20
2021-06-15 13:36:00+05:30,719.9500122070312,719.9500122070312,719.0999755859375,719.0999755859375,110
2021-06-15 13:37:00+05:30,719.0,719.9500122070312,718.25,718.2999877929688,895
2021-06-15 13:38:00+05:30,718.2999877929688,718.2999877929688,718.2999877929688,718.2999877929688,0
2021-06-15 13:39:00+05:30,718.0,718.0,718.0,718.0,212
2021-06-15 13:40:00+05:30,717.9500122070312,717.9500122070312,717.7999877929688,717.7999877929688,255
2021-06-15 13:41:00+05:30,717.7999877929688,717.7999877929688,717.2000122070312,717.2000122070312,130
2021-06-15 13:42:00+05:30,717.75,717.75,717.2000122070312,717.2000122070312,324
2021-06-15 13:43:00+05:30,717.75,717.75,717.2000122070312,717.2000122070312,0
2021-06-15 13:44:00+05:30,717.4500122070312,717.4500122070312,717.4500122070312,717.4500122070312,17
2021-06-15 13:45:00+05:30,717.7000122070312,717.7999877929688,717.2000122070312,717.5999755859375,169
2021-06-15 13:46:00+05:30,717.75,717.75,717.75,717.75,0
2021-06-15 13:47:00+05:30,717.2000122070312,717.7999877929688,717.2000122070312,717.2000122070312,68
2021-06-15 13:48:00+05:30,718.0,718.0,718.0,718.0,390
2021-06-15 13:49:00+05:30,718.0499877929688,718.0499877929688,718.0,718.0,295
2021-06-15 13:50:00+05:30,718.25,718.9500122070312,718.25,718.9500122070312,2133
2021-06-15 13:52:00+05:30,718.9500122070312,718.9500122070312,718.9500122070312,718.9500122070312,40
2021-06-15 13:53:00+05:30,718.9500122070312,718.9500122070312,718.9500122070312,718.9500122070312,134
2021-06-15 13:54:00+05:30,718.9500122070312,719.5,718.9500122070312,719.5,149
2021-06-15 13:55:00+05:30,719.7000122070312,719.7000122070312,719.5,719.5,254
2021-06-15 13:56:00+05:30,719.5,719.5,719.5,719.5,0
2021-06-15 13:57:00+05:30,719.5,719.5,719.5,719.5,9
2021-06-15 13:59:00+05:30,718.9500122070312,718.9500122070312,718.5,718.5,127
2021-06-15 14:01:00+05:30,718.5,718.5,718.5,718.5,14
2021-06-15 14:02:00+05:30,719.5,719.5,719.5,719.5,5
2021-06-15 14:03:00+05:30,719.4500122070312,719.4500122070312,718.5499877929688,718.5499877929688,147
2021-06-15 14:04:00+05:30,719.8499755859375,719.8499755859375,719.8499755859375,719.8499755859375,87
2021-06-15 14:05:00+05:30,718.5499877929688,719.4500122070312,718.5499877929688,719.4500122070312,7
2021-06-15 14:06:00+05:30,719.0,720.0,719.0,720.0,3659
2021-06-15 14:07:00+05:30,720.0,720.0,718.9000244140625,719.9000244140625,483
2021-06-15 14:09:00+05:30,719.4500122070312,719.4500122070312,718.6500244140625,718.6500244140625,159
2021-06-15 14:10:00+05:30,718.6500244140625,718.6500244140625,716.9500122070312,717.0,1098
2021-06-15 14:11:00+05:30,717.9500122070312,717.9500122070312,717.9500122070312,717.9500122070312,481
2021-06-15 14:12:00+05:30,717.8499755859375,718.2999877929688,717.8499755859375,718.2999877929688,217
2021-06-15 14:13:00+05:30,717.6500244140625,717.6500244140625,715.4500122070312,715.4500122070312,270
2021-06-15 14:14:00+05:30,715.4500122070312,715.5,715.4500122070312,715.5,46
2021-06-15 14:15:00+05:30,716.0,716.0,716.0,716.0,51
2021-06-15 14:16:00+05:30,717.0,717.0,716.1500244140625,716.1500244140625,39
2021-06-15 14:18:00+05:30,716.5,717.9500122070312,716.5,717.9500122070312,33
2021-06-15 14:19:00+05:30,718.0,718.0,717.0499877929688,717.0499877929688,103
2021-06-15 14:21:00+05:30,717.1500244140625,717.2000122070312,717.1500244140625,717.2000122070312,336
2021-06-15 14:23:00+05:30,715.0499877929688,715.0499877929688,715.0499877929688,715.0499877929688,1421
2021-06-15 14:25:00+05:30,716.7000122070312,716.7000122070312,715.5999755859375,715.5999755859375,77
2021-06-15 14:26:00+05:30,716.7000122070312,716.7000122070312,716.6500244140625,716.6500244140625,59
2021-06-15 14:27:00+05:30,717.5999755859375,717.75,717.5999755859375,717.75,160
2021-06-15 14:28:00+05:30,717.7999877929688,717.9000244140625,717.7999877929688,717.8499755859375,48
2021-06-15 14:29:00+05:30,717.8499755859375,717.9500122070312,717.8499755859375,717.9500122070312,28
2021-06-15 14:30:00+05:30,717.9500122070312,717.9500122070312,717.9500122070312,717.9500122070312,22
2021-06-15 14:31:00+05:30,718.4500122070312,718.4500122070312,718.4500122070312,718.4500122070312,12
2021-06-15 14:32:00+05:30,718.4500122070312,718.4500122070312,717.75,717.8499755859375,243
2021-06-15 14:33:00+05:30,717.9000244140625,717.9000244140625,717.9000244140625,717.9000244140625,3
2021-06-15 14:34:00+05:30,716.6500244140625,716.6500244140625,716.6500244140625,716.6500244140625,14
2021-06-15 14:35:00+05:30,716.0,716.0,714.5999755859375,715.0,1336
2021-06-15 14:36:00+05:30,714.5999755859375,714.9000244140625,714.5999755859375,714.9000244140625,133
2021-06-15 14:37:00+05:30,714.9000244140625,714.9000244140625,714.9000244140625,714.9000244140625,20
2021-06-15 14:38:00+05:30,714.9000244140625,714.9000244140625,713.9500122070312,713.9500122070312,694
2021-06-15 14:39:00+05:30,713.7000122070312,714.0,713.0,713.9500122070312,207
2021-06-15 14:40:00+05:30,714.0,714.0,713.9500122070312,714.0,254
2021-06-15 14:41:00+05:30,714.0,714.0,714.0,714.0,954
2021-06-15 14:42:00+05:30,713.0,713.6500244140625,712.0,712.0,411
2021-06-15 14:43:00+05:30,712.0,713.7000122070312,711.0,711.0,802
2021-06-15 14:44:00+05:30,711.0499877929688,712.0,711.0499877929688,712.0,202
2021-06-15 14:45:00+05:30,711.0,711.0,710.5,710.5,1455
2021-06-15 14:46:00+05:30,710.5,710.9000244140625,710.5,710.9000244140625,78
2021-06-15 14:47:00+05:30,712.0,712.75,711.6500244140625,711.6500244140625,497
2021-06-15 14:48:00+05:30,713.2000122070312,713.5,712.7000122070312,713.5,60
2021-06-15 14:49:00+05:30,714.25,715.4500122070312,714.2000122070312,715.1500244140625,162
2021-06-15 14:50:00+05:30,715.1500244140625,715.1500244140625,715.0,715.0,79
2021-06-15 14:51:00+05:30,714.5,714.9500122070312,714.5,714.9500122070312,71
2021-06-15 14:52:00+05:30,714.5,714.5,714.0,714.5,367
2021-06-15 14:53:00+05:30,714.4000244140625,714.5,714.0,714.0,75
2021-06-15 14:55:00+05:30,714.0,715.1500244140625,714.0,715.1500244140625,1794
2021-06-15 14:56:00+05:30,715.2000122070312,715.2000122070312,715.1500244140625,715.2000122070312,558
2021-06-15 14:57:00+05:30,715.2000122070312,715.2000122070312,715.2000122070312,715.2000122070312,0
2021-06-15 14:58:00+05:30,715.5,715.5,715.5,715.5,27
2021-06-15 14:59:00+05:30,715.5,715.5,715.5,715.5,0
2021-06-15 15:00:00+05:30,715.4000244140625,715.4000244140625,715.4000244140625,715.4000244140625,10
2021-06-15 15:01:00+05:30,715.4000244140625,715.4000244140625,715.2000122070312,715.2000122070312,181
2021-06-15 15:02:00+05:30,716.0,716.0499877929688,716.0,716.0499877929688,841
2021-06-15 15:03:00+05:30,716.4000244140625,716.4000244140625,716.4000244140625,716.4000244140625,3
2021-06-15 15:04:00+05:30,716.3499755859375,716.3499755859375,716.0,716.3499755859375,37
2021-06-15 15:05:00+05:30,716.2000122070312,716.4000244140625,716.0,716.0,135
2021-06-15 15:06:00+05:30,716.4000244140625,717.2000122070312,716.4000244140625,717.2000122070312,145
2021-06-15 15:07:00+05:30,717.25,717.5,717.1500244140625,717.5,382
2021-06-15 15:08:00+05:30,717.5,719.0499877929688,717.4000244140625,718.5499877929688,1239
2021-06-15 15:09:00+05:30,718.5,718.9500122070312,718.5,718.8499755859375,225
2021-06-15 15:10:00+05:30,718.5,718.9500122070312,716.5,716.5,925
2021-06-15 15:11:00+05:30,716.0,716.5499877929688,716.0,716.0,0
2021-06-15 15:12:00+05:30,716.5499877929688,716.5499877929688,716.0,716.5499877929688,152
2021-06-15 15:13:00+05:30,716.5499877929688,717.0,716.0999755859375,716.0999755859375,455
2021-06-15 15:14:00+05:30,716.0999755859375,716.75,715.0999755859375,715.9500122070312,1167
2021-06-15 15:15:00+05:30,715.25,715.7999877929688,715.25,715.5,83
2021-06-15 15:16:00+05:30,715.7999877929688,715.7999877929688,715.3499755859375,715.7999877929688,222
2021-06-15 15:17:00+05:30,715.7999877929688,715.9500122070312,715.0,715.5,299
2021-06-15 15:18:00+05:30,715.7999877929688,715.7999877929688,712.7999877929688,712.7999877929688,2504
2021-06-15 15:19:00+05:30,713.0499877929688,716.0,713.0499877929688,715.0,1047
2021-06-15 15:20:00+05:30,715.4000244140625,715.4500122070312,714.9500122070312,715.0,217
2021-06-15 15:21:00+05:30,714.9500122070312,714.9500122070312,714.2000122070312,714.8499755859375,486
2021-06-15 15:22:00+05:30,714.8499755859375,714.8499755859375,714.25,714.25,107
2021-06-15 15:23:00+05:30,714.9000244140625,714.9500122070312,714.9000244140625,714.9500122070312,593
2021-06-15 15:24:00+05:30,714.9000244140625,715.0499877929688,714.9000244140625,715.0499877929688,412
2021-06-15 15:25:00+05:30,715.4500122070312,715.4500122070312,714.9000244140625,715.4500122070312,1142
2021-06-15 15:26:00+05:30,714.9000244140625,715.4000244140625,714.9000244140625,715.3499755859375,175
2021-06-15 15:27:00+05:30,715.0,715.3499755859375,714.0,714.4000244140625,1903
2021-06-15 15:28:00+05:30,714.4000244140625,714.4000244140625,714.0,714.25,443
2021-06-15 15:29:00+05:30,714.3499755859375,714.9000244140625,714.0,714.7000122070312,286
2021-06-16 09:15:00+05:30,722.9000244140625,722.9000244140625,716.2999877929688,721.5,0
2021-06-16 09:16:00+05:30,709.4500122070312,715.0,706.9500122070312,715.0,4191
2021-06-16 09:17:00+05:30,715.0,716.75,714.1500244140625,716.0,391
2021-06-16 09:18:00+05:30,718.2999877929688,718.4000244140625,716.75,717.3499755859375,180
2021-06-16 09:19:00+05:30,718.0,718.0,716.0,716.0,598
2021-06-16 09:20:00+05:30,716.2999877929688,716.2999877929688,715.0,715.0,190
2021-06-16 09:21:00+05:30,715.0,716.0,715.0,716.0,94
2021-06-16 09:22:00+05:30,715.0499877929688,716.9500122070312,715.0499877929688,716.9500122070312,248
2021-06-16 09:23:00+05:30,715.2999877929688,715.9500122070312,715.2999877929688,715.5,616
2021-06-16 09:24:00+05:30,715.9000244140625,715.9500122070312,715.2999877929688,715.3499755859375,295
2021-06-16 09:25:00+05:30,715.2999877929688,715.9500122070312,715.1500244140625,715.1500244140625,86
2021-06-16 09:26:00+05:30,715.2000122070312,715.9000244140625,715.0999755859375,715.0999755859375,481
2021-06-16 09:27:00+05:30,715.1500244140625,715.7999877929688,715.0499877929688,715.0499877929688,709
2021-06-16 09:28:00+05:30,715.9500122070312,715.9500122070312,715.0999755859375,715.0999755859375,48
2021-06-16 09:30:00+05:30,713.5,713.5,711.4000244140625,711.4000244140625,1905
2021-06-16 09:31:00+05:30,711.0499877929688,711.0499877929688,711.0499877929688,711.0499877929688,53
2021-06-16 09:32:00+05:30,711.0499877929688,711.3499755859375,711.0499877929688,711.0499877929688,106
2021-06-16 09:33:00+05:30,708.7000122070312,709.6500244140625,707.6500244140625,709.6500244140625,1925
2021-06-16 09:34:00+05:30,709.2000122070312,709.2000122070312,708.0,708.9500122070312,839
2021-06-16 09:35:00+05:30,706.9000244140625,707.6500244140625,706.9000244140625,707.5499877929688,1470
2021-06-16 09:36:00+05:30,708.2999877929688,708.2999877929688,707.5999755859375,707.9500122070312,482
2021-06-16 09:37:00+05:30,707.9500122070312,708.3499755859375,707.5999755859375,708.3499755859375,602
2021-06-16 09:38:00+05:30,710.0999755859375,711.2000122070312,707.9500122070312,707.9500122070312,1464
2021-06-16 09:39:00+05:30,708.2000122070312,709.5999755859375,707.8499755859375,709.5999755859375,670
2021-06-16 09:40:00+05:30,709.0,710.0,709.0,710.0,536
2021-06-16 09:41:00+05:30,710.0,710.7000122070312,710.0,710.7000122070312,88
2021-06-16 09:42:00+05:30,710.0,710.0499877929688,710.0,710.0499877929688,12
2021-06-16 09:43:00+05:30,710.0499877929688,710.7000122070312,710.0499877929688,710.7000122070312,52
2021-06-16 09:44:00+05:30,710.0499877929688,710.3499755859375,710.0499877929688,710.3499755859375,217
2021-06-16 09:45:00+05:30,710.5,710.5,710.0499877929688,710.0499877929688,174
2021-06-16 09:46:00+05:30,710.5,710.5,708.0,708.9500122070312,1103
2021-06-16 09:47:00+05:30,709.3499755859375,709.3499755859375,706.2999877929688,706.2999877929688,952
2021-06-16 09:48:00+05:30,707.4000244140625,707.4000244140625,706.8499755859375,706.8499755859375,177
2021-06-16 09:49:00+05:30,707.0999755859375,708.2999877929688,707.0999755859375,708.2999877929688,38
2021-06-16 09:50:00+05:30,707.5499877929688,707.5499877929688,707.5499877929688,707.5499877929688,129
2021-06-16 09:51:00+05:30,708.5999755859375,708.5999755859375,708.0,708.0,690
2021-06-16 09:52:00+05:30,708.0,710.0,708.0,710.0,190
2021-06-16 09:53:00+05:30,710.0,710.0,710.0,710.0,24
2021-06-16 09:54:00+05:30,709.2000122070312,709.2000122070312,709.2000122070312,709.2000122070312,165
2021-06-16 09:55:00+05:30,710.0,710.5,709.2000122070312,710.5,455
2021-06-16 09:56:00+05:30,710.6500244140625,710.9000244140625,710.0,710.0,255
2021-06-16 09:57:00+05:30,710.0,710.7999877929688,710.0,710.5,257
2021-06-16 09:58:00+05:30,710.7999877929688,714.5,710.7999877929688,714.5,156
2021-06-16 09:59:00+05:30,713.5999755859375,713.9500122070312,713.0,713.0,717
2021-06-16 10:00:00+05:30,712.2999877929688,712.2999877929688,710.25,710.25,82
2021-06-16 10:01:00+05:30,710.2999877929688,711.25,710.2999877929688,711.25,100
2021-06-16 10:02:00+05:30,711.25,711.25,711.25,711.25,0
2021-06-16 10:03:00+05:30,710.4500122070312,711.0,710.4500122070312,711.0,55
2021-06-16 10:04:00+05:30,709.4000244140625,709.4000244140625,708.0,708.0,1761
2021-06-16 10:05:00+05:30,707.5,708.0,707.5,707.5,103
2021-06-16 10:06:00+05:30,707.5,707.9500122070312,707.5,707.9500122070312,138
2021-06-16 10:07:00+05:30,707.5,707.9500122070312,707.5,707.9500122070312,60
2021-06-16 10:08:00+05:30,707.9500122070312,708.0,707.9500122070312,708.0,480
2021-06-16 10:09:00+05:30,708.25,708.25,708.25,708.25,98
2021-06-16 10:10:00+05:30,706.4000244140625,706.4000244140625,705.6500244140625,705.6500244140625,730
2021-06-16 10:11:00+05:30,705.25,706.25,705.25,705.25,942
2021-06-16 10:12:00+05:30,706.0,706.0,702.1500244140625,704.1500244140625,2404
2021-06-16 10:13:00+05:30,704.2000122070312,705.0,701.0,702.0,1551
2021-06-16 10:14:00+05:30,702.8499755859375,703.5499877929688,702.8499755859375,703.1500244140625,852
2021-06-16 10:15:00+05:30,703.5,703.5,703.5,703.5,137
2021-06-16 10:16:00+05:30,705.9500122070312,706.2000122070312,705.75,705.75,1242
2021-06-16 10:17:00+05:30,706.0,706.0,706.0,706.0,63
2021-06-16 10:18:00+05:30,706.25,706.25,705.0999755859375,705.0999755859375,92
2021-06-16 10:19:00+05:30,705.5,705.5,705.5,705.5,18
2021-06-16 10:20:00+05:30,705.5,706.1500244140625,705.5,706.1500244140625,340
2021-06-16 10:21:00+05:30,705.9500122070312,705.9500122070312,703.5,703.5,344
2021-06-16 10:22:00+05:30,703.5,705.2000122070312,703.5,705.2000122070312,90
2021-06-16 10:23:00+05:30,703.5499877929688,704.1500244140625,703.1500244140625,703.1500244140625,1353
2021-06-16 10:24:00+05:30,704.25,704.25,704.1500244140625,704.1500244140625,150
2021-06-16 10:25:00+05:30,703.2000122070312,703.2000122070312,703.2000122070312,703.2000122070312,0
2021-06-16 10:26:00+05:30,704.3499755859375,704.3499755859375,704.1500244140625,704.1500244140625,163
2021-06-16 10:27:00+05:30,704.1500244140625,704.1500244140625,704.0,704.0,198
2021-06-16 10:28:00+05:30,703.25,703.25,703.25,703.25,4
2021-06-16 10:29:00+05:30,703.2000122070312,704.1500244140625,703.2000122070312,704.1500244140625,159
2021-06-16 10:30:00+05:30,703.0,703.5,703.0,703.5,587
2021-06-16 10:31:00+05:30,704.0,704.3499755859375,704.0,704.0,634
2021-06-16 10:32:00+05:30,704.3499755859375,704.3499755859375,703.4500122070312,703.5999755859375,624
2021-06-16 10:33:00+05:30,703.7000122070312,705.0,703.6500244140625,704.5,794
2021-06-16 10:34:00+05:30,705.5,706.7000122070312,705.5,706.7000122070312,1032
2021-06-16 10:35:00+05:30,705.7999877929688,706.0,704.7000122070312,705.0499877929688,90
2021-06-16 10:36:00+05:30,705.0,706.1500244140625,705.0,705.3499755859375,516
2021-06-16 10:37:00+05:30,705.6500244140625,707.0,705.25,707.0,952
2021-06-16 10:38:00+05:30,706.7000122070312,706.75,706.2000122070312,706.25,695
2021-06-16 10:39:00+05:30,706.25,706.25,706.25,706.25,9
2021-06-16 10:40:00+05:30,705.9000244140625,706.25,705.9000244140625,706.25,154
2021-06-16 10:41:00+05:30,706.25,707.0999755859375,706.25,707.0999755859375,1327
2021-06-16 10:42:00+05:30,706.5999755859375,707.2000122070312,706.2999877929688,706.8499755859375,383
2021-06-16 10:43:00+05:30,706.7999877929688,710.0,706.7999877929688,710.0,582
2021-06-16 10:44:00+05:30,709.6500244140625,710.0,706.2999877929688,706.2999877929688,897
2021-06-16 10:45:00+05:30,707.0,708.2000122070312,706.5999755859375,708.0,380
2021-06-16 10:46:00+05:30,709.0,709.0,707.4000244140625,707.4000244140625,783
2021-06-16 10:47:00+05:30,706.8499755859375,707.4000244140625,706.1500244140625,707.0,582
2021-06-16 10:48:00+05:30,706.0,706.0,706.0,706.0,190
2021-06-16 10:49:00+05:30,705.0,705.0,705.0,705.0,217
2021-06-16 10:50:00+05:30,704.5,704.5,704.5,704.5,34
2021-06-16 10:51:00+05:30,703.9500122070312,703.9500122070312,703.9500122070312,703.9500122070312,27
2021-06-16 10:52:00+05:30,703.9500122070312,703.9500122070312,703.9500122070312,703.9500122070312,112
2021-06-16 10:53:00+05:30,703.4000244140625,704.4000244140625,703.0499877929688,703.0499877929688,299
2021-06-16 10:54:00+05:30,704.5,704.5,704.4000244140625,704.4000244140625,3
2021-06-16 10:55:00+05:30,704.2000122070312,705.3499755859375,703.7999877929688,703.7999877929688,327
2021-06-16 10:56:00+05:30,703.75,704.0,703.0999755859375,703.0999755859375,1390
2021-06-16 10:57:00+05:30,703.25,704.0,703.1500244140625,704.0,1167
2021-06-16 10:58:00+05:30,703.2999877929688,703.2999877929688,703.0999755859375,703.0999755859375,99
2021-06-16 10:59:00+05:30,703.9500122070312,703.9500122070312,703.9500122070312,703.9500122070312,2
2021-06-16 11:00:00+05:30,703.9500122070312,703.9500122070312,703.9500122070312,703.9500122070312,9
2021-06-16 11:01:00+05:30,703.9500122070312,703.9500122070312,703.9500122070312,703.9500122070312,6
2021-06-16 11:02:00+05:30,703.7000122070312,703.8499755859375,702.5,703.1500244140625,1174
2021-06-16 11:03:00+05:30,703.2000122070312,703.2000122070312,703.2000122070312,703.2000122070312,1
2021-06-16 11:04:00+05:30,703.2000122070312,703.2000122070312,702.75,702.75,116
2021-06-16 11:05:00+05:30,702.5499877929688,703.4500122070312,702.5,702.9000244140625,225
2021-06-16 11:06:00+05:30,703.4500122070312,703.4500122070312,702.9000244140625,703.4500122070312,128
2021-06-16 11:07:00+05:30,703.5499877929688,703.5499877929688,703.5499877929688,703.5499877929688,40
2021-06-16 11:08:00+05:30,702.75,703.6500244140625,702.75,703.6500244140625,106
2021-06-16 11:09:00+05:30,703.0499877929688,704.0,703.0499877929688,704.0,135
2021-06-16 11:10:00+05:30,704.0,704.0,704.0,704.0,6
2021-06-16 11:11:00+05:30,704.0,704.0,704.0,704.0,381
2021-06-16 11:12:00+05:30,703.4000244140625,703.4000244140625,702.7000122070312,702.7000122070312,131
2021-06-16 11:13:00+05:30,703.0999755859375,703.4000244140625,703.0,703.4000244140625,75
2021-06-16 11:14:00+05:30,702.5999755859375,702.5999755859375,702.5499877929688,702.5499877929688,5
2021-06-16 11:15:00+05:30,702.5499877929688,702.5499877929688,702.5499877929688,702.5499877929688,18
2021-06-16 11:16:00+05:30,702.0,703.5,702.0,702.5999755859375,855
2021-06-16 11:17:00+05:30,702.5999755859375,702.5999755859375,702.5999755859375,702.5999755859375,96
2021-06-16 11:18:00+05:30,702.9500122070312,702.9500122070312,702.0,702.0,0
2021-06-16 11:20:00+05:30,703.0,703.4500122070312,702.0,703.4500122070312,295
2021-06-16 11:21:00+05:30,703.7000122070312,703.7000122070312,703.5999755859375,703.5999755859375,79
2021-06-16 11:22:00+05:30,703.4500122070312,703.4500122070312,703.4500122070312,703.4500122070312,0
2021-06-16 11:24:00+05:30,702.5,702.5,702.5,702.5,20
2021-06-16 11:25:00+05:30,702.25,702.25,702.25,702.25,170
2021-06-16 11:26:00+05:30,702.25,702.75,702.25,702.75,1334
2021-06-16 11:28:00+05:30,703.0,703.0,703.0,703.0,291
2021-06-16 11:29:00+05:30,702.9000244140625,702.9000244140625,702.9000244140625,702.9000244140625,0
2021-06-16 11:32:00+05:30,703.0,703.0,703.0,703.0,744
2021-06-16 11:35:00+05:30,703.0,703.0,703.0,703.0,4
2021-06-16 11:36:00+05:30,703.0,703.0,703.0,703.0,193
2021-06-16 11:37:00+05:30,703.0,703.0,702.9500122070312,702.9500122070312,265
2021-06-16 11:38:00+05:30,703.0,703.0,703.0,703.0,6
2021-06-16 11:39:00+05:30,703.0,703.0,703.0,703.0,1
2021-06-16 11:40:00+05:30,703.0,703.0,703.0,703.0,49
2021-06-16 11:41:00+05:30,703.0,703.0,702.5999755859375,702.5999755859375,0
2021-06-16 11:42:00+05:30,702.0999755859375,702.4000244140625,701.9500122070312,702.0,520
2021-06-16 11:43:00+05:30,702.0,702.0,702.0,702.0,10
2021-06-16 11:44:00+05:30,702.5999755859375,703.0,702.5999755859375,703.0,233
2021-06-16 11:45:00+05:30,702.0499877929688,702.75,702.0,702.75,164
2021-06-16 11:46:00+05:30,702.7000122070312,702.7000122070312,702.7000122070312,702.7000122070312,12
2021-06-16 11:47:00+05:30,703.0,703.0,703.0,703.0,295
2021-06-16 11:48:00+05:30,702.8499755859375,702.8499755859375,702.8499755859375,702.8499755859375,0
2021-06-16 11:49:00+05:30,702.2000122070312,702.25,702.0,702.0,518
2021-06-16 11:50:00+05:30,702.25,702.9500122070312,701.7999877929688,702.9500122070312,53
2021-06-16 11:52:00+05:30,702.9500122070312,702.9500122070312,701.0,702.2999877929688,551
2021-06-16 11:53:00+05:30,701.5999755859375,701.5999755859375,701.5999755859375,701.5999755859375,63
2021-06-16 11:54:00+05:30,702.5999755859375,702.5999755859375,702.5499877929688,702.5499877929688,0
2021-06-16 11:56:00+05:30,702.8499755859375,702.8499755859375,702.8499755859375,702.8499755859375,15
2021-06-16 11:57:00+05:30,702.9000244140625,703.0,702.9000244140625,703.0,8
2021-06-16 11:58:00+05:30,703.0,703.0,703.0,703.0,177
2021-06-16 12:01:00+05:30,702.9000244140625,702.9000244140625,702.9000244140625,702.9000244140625,0
2021-06-16 12:02:00+05:30,702.0999755859375,702.0999755859375,702.0999755859375,702.0999755859375,70
2021-06-16 12:03:00+05:30,702.0999755859375,702.0999755859375,702.0999755859375,702.0999755859375,0
2021-06-16 12:04:00+05:30,702.9000244140625,702.9000244140625,702.9000244140625,702.9000244140625,398
2021-06-16 12:06:00+05:30,702.9000244140625,702.9000244140625,702.9000244140625,702.9000244140625,0
2021-06-16 12:08:00+05:30,702.5499877929688,702.75,702.5499877929688,702.75,51
2021-06-16 12:09:00+05:30,702.75,702.75,702.75,702.75,96
2021-06-16 12:11:00+05:30,702.0999755859375,702.0999755859375,702.0999755859375,702.0999755859375,0
2021-06-16 12:12:00+05:30,702.75,702.75,702.0499877929688,702.0499877929688,30
2021-06-16 12:14:00+05:30,702.0,702.3499755859375,701.4500122070312,702.3499755859375,111
2021-06-16 12:18:00+05:30,702.5,702.5,702.3499755859375,702.3499755859375,34
2021-06-16 12:19:00+05:30,702.3499755859375,702.3499755859375,702.3499755859375,702.3499755859375,46
2021-06-16 12:20:00+05:30,702.3499755859375,702.3499755859375,702.3499755859375,702.3499755859375,12
2021-06-16 12:21:00+05:30,701.7999877929688,701.7999877929688,701.7999877929688,701.7999877929688,57
2021-06-16 12:22:00+05:30,702.9000244140625,702.9000244140625,702.9000244140625,702.9000244140625,128
2021-06-16 12:23:00+05:30,703.0,703.0,703.0,703.0,154
2021-06-16 12:25:00+05:30,702.9000244140625,702.9000244140625,702.9000244140625,702.9000244140625,3
2021-06-16 12:26:00+05:30,703.0,703.0,703.0,703.0,3
2021-06-16 12:27:00+05:30,702.25,703.0,702.25,703.0,27
2021-06-16 12:28:00+05:30,703.0,703.0,703.0,703.0,21
2021-06-16 12:29:00+05:30,703.0,703.0,703.0,703.0,89
2021-06-16 12:30:00+05:30,702.9500122070312,702.9500122070312,702.9500122070312,702.9500122070312,0
2021-06-16 12:32:00+05:30,701.0,701.0,698.0,698.0,3259
2021-06-16 12:33:00+05:30,697.9000244140625,697.9000244140625,696.0,696.0,284
2021-06-16 12:34:00+05:30,697.4000244140625,699.5,697.4000244140625,699.0499877929688,163
2021-06-16 12:35:00+05:30,699.0499877929688,700.0,698.9500122070312,700.0,392
2021-06-16 12:36:00+05:30,699.9000244140625,700.0,699.9000244140625,700.0,688
2021-06-16 12:37:00+05:30,700.0,700.0,699.0,699.0,0
2021-06-16 12:38:00+05:30,699.1500244140625,699.9500122070312,699.1500244140625,699.2999877929688,587
2021-06-16 12:39:00+05:30,699.2999877929688,699.8499755859375,699.0499877929688,699.8499755859375,67
2021-06-16 12:40:00+05:30,698.4000244140625,698.4000244140625,697.9500122070312,698.3499755859375,637
2021-06-16 12:41:00+05:30,698.0,698.3499755859375,697.25,698.0499877929688,425
2021-06-16 12:42:00+05:30,698.3499755859375,698.5,697.5999755859375,697.9500122070312,15
2021-06-16 12:43:00+05:30,698.0,699.9000244140625,698.0,699.9000244140625,229
2021-06-16 12:44:00+05:30,699.8499755859375,699.8499755859375,699.3499755859375,699.3499755859375,17
2021-06-16 12:45:00+05:30,699.2999877929688,699.2999877929688,699.2999877929688,699.2999877929688,25
2021-06-16 12:46:00+05:30,699.9000244140625,700.0,699.9000244140625,700.0,3
2021-06-16 12:47:00+05:30,700.0,700.0,700.0,700.0,156
2021-06-16 12:48:00+05:30,699.8499755859375,700.0,698.0,698.25,1100
2021-06-16 12:49:00+05:30,698.25,698.8499755859375,697.5499877929688,698.8499755859375,934
2021-06-16 12:50:00+05:30,699.0,699.9000244140625,697.5499877929688,697.75,810
2021-06-16 12:51:00+05:30,697.75,699.8499755859375,697.5,699.8499755859375,780
2021-06-16 12:52:00+05:30,700.0,700.0,697.6500244140625,697.8499755859375,2179
2021-06-16 12:53:00+05:30,699.0499877929688,699.9000244140625,699.0499877929688,699.9000244140625,1303
2021-06-16 12:54:00+05:30,698.4000244140625,699.6500244140625,697.9000244140625,698.9000244140625,275
2021-06-16 12:55:00+05:30,698.9000244140625,699.4000244140625,697.8499755859375,697.8499755859375,166
2021-06-16 12:56:00+05:30,698.0,698.0,698.0,698.0,2706
2021-06-16 12:57:00+05:30,698.7000122070312,698.7000122070312,698.7000122070312,698.7000122070312,0
2021-06-16 12:58:00+05:30,698.7000122070312,698.7000122070312,698.7000122070312,698.7000122070312,0
2021-06-16 12:59:00+05:30,698.7000122070312,698.7000122070312,698.7000122070312,698.7000122070312,10
2021-06-16 13:00:00+05:30,698.7000122070312,698.7000122070312,698.7000122070312,698.7000122070312,3
2021-06-16 13:01:00+05:30,698.7000122070312,698.7000122070312,698.7000122070312,698.7000122070312,57
2021-06-16 13:02:00+05:30,698.7000122070312,698.7000122070312,698.7000122070312,698.7000122070312,228
2021-06-16 13:03:00+05:30,698.2999877929688,698.4000244140625,698.2999877929688,698.4000244140625,7
2021-06-16 13:04:00+05:30,698.7000122070312,698.7000122070312,698.7000122070312,698.7000122070312,1
2021-06-16 13:05:00+05:30,698.7000122070312,698.7000122070312,698.7000122070312,698.7000122070312,259
2021-06-16 13:06:00+05:30,698.7000122070312,698.7000122070312,698.7000122070312,698.7000122070312,0
2021-06-16 13:07:00+05:30,698.7000122070312,699.6500244140625,698.7000122070312,699.6500244140625,890
2021-06-16 13:08:00+05:30,699.8499755859375,700.0,699.8499755859375,700.0,1160
2021-06-16 13:09:00+05:30,699.7000122070312,699.7000122070312,699.7000122070312,699.7000122070312,151
2021-06-16 13:10:00+05:30,700.0,700.0,699.7000122070312,699.7000122070312,19
2021-06-16 13:11:00+05:30,699.8499755859375,700.0,699.8499755859375,700.0,476
2021-06-16 13:12:00+05:30,700.0,700.0,700.0,700.0,13
2021-06-16 13:13:00+05:30,700.0,700.0,699.9500122070312,699.9500122070312,47
2021-06-16 13:14:00+05:30,700.0,700.0,700.0,700.0,0
2021-06-16 13:15:00+05:30,699.9500122070312,699.9500122070312,699.9500122070312,699.9500122070312,15
2021-06-16 13:16:00+05:30,700.0,700.0,700.0,700.0,78
2021-06-16 13:17:00+05:30,700.0,700.0,700.0,700.0,125
2021-06-16 13:18:00+05:30,700.0,700.0,700.0,700.0,24
2021-06-16 13:19:00+05:30,699.75,699.75,699.75,699.75,4
2021-06-16 13:20:00+05:30,699.75,699.75,698.7999877929688,699.2999877929688,127
2021-06-16 13:21:00+05:30,699.2999877929688,699.2999877929688,699.2999877929688,699.2999877929688,40
2021-06-16 13:22:00+05:30,699.5499877929688,699.5499877929688,699.5499877929688,699.5499877929688,0
2021-06-16 13:23:00+05:30,698.5,698.5,698.5,698.5,69
2021-06-16 13:25:00+05:30,699.5999755859375,699.5999755859375,699.5999755859375,699.5999755859375,0
2021-06-16 13:27:00+05:30,698.75,698.75,698.5,698.5,78
2021-06-16 13:28:00+05:30,699.6500244140625,699.7000122070312,699.6500244140625,699.7000122070312,13
2021-06-16 13:29:00+05:30,698.5499877929688,699.7000122070312,698.5499877929688,699.7000122070312,211
2021-06-16 13:30:00+05:30,699.7000122070312,699.7000122070312,699.7000122070312,699.7000122070312,0
2021-06-16 13:33:00+05:30,699.8499755859375,699.8499755859375,699.8499755859375,699.8499755859375,142
2021-06-16 13:34:00+05:30,699.8499755859375,699.8499755859375,699.8499755859375,699.8499755859375,63
2021-06-16 13:35:00+05:30,699.7999877929688,699.7999877929688,699.7999877929688,699.7999877929688,153
2021-06-16 13:36:00+05:30,699.4500122070312,699.5499877929688,698.6500244140625,699.5499877929688,2
2021-06-16 13:38:00+05:30,699.5499877929688,700.0,699.5499877929688,700.0,238
2021-06-16 13:39:00+05:30,700.0,700.0,699.25,700.0,144
2021-06-16 13:40:00+05:30,700.0,700.0,699.0499877929688,699.2000122070312,17
2021-06-16 13:43:00+05:30,699.2000122070312,699.9500122070312,699.2000122070312,699.3499755859375,39
2021-06-16 13:44:00+05:30,699.9500122070312,699.9500122070312,699.9500122070312,699.9500122070312,61
2021-06-16 13:45:00+05:30,699.9500122070312,699.9500122070312,699.9500122070312,699.9500122070312,70
2021-06-16 13:46:00+05:30,699.1500244140625,699.1500244140625,699.1500244140625,699.1500244140625,104
2021-06-16 13:47:00+05:30,699.9500122070312,699.9500122070312,699.9500122070312,699.9500122070312,0
2021-06-16 13:48:00+05:30,699.9500122070312,699.9500122070312,699.9500122070312,699.9500122070312,98
2021-06-16 13:49:00+05:30,699.9000244140625,699.9000244140625,699.2000122070312,699.2000122070312,170
2021-06-16 13:50:00+05:30,699.9500122070312,699.9500122070312,699.9500122070312,699.9500122070312,108
2021-06-16 13:52:00+05:30,699.9500122070312,699.9500122070312,699.9500122070312,699.9500122070312,100
2021-06-16 13:53:00+05:30,699.9500122070312,699.9500122070312,699.9500122070312,699.9500122070312,106
2021-06-16 13:54:00+05:30,700.0,700.0,700.0,700.0,41
2021-06-16 13:55:00+05:30,700.0,700.0,699.9500122070312,699.9500122070312,244
2021-06-16 13:56:00+05:30,700.0,700.0,700.0,700.0,0
2021-06-16 13:59:00+05:30,700.0,701.0,700.0,701.0,2604
2021-06-16 14:00:00+05:30,701.0,701.0,699.5,699.5,1478
2021-06-16 14:01:00+05:30,700.0,700.0,700.0,700.0,157
2021-06-16 14:02:00+05:30,700.0,700.0,699.5,699.5,0
2021-06-16 14:03:00+05:30,700.0,700.0,700.0,700.0,5
2021-06-16 14:04:00+05:30,700.0,700.0,699.0,699.0,248
2021-06-16 14:05:00+05:30,699.4500122070312,699.4500122070312,699.4500122070312,699.4500122070312,17
2021-06-16 14:07:00+05:30,700.0,700.0,700.0,700.0,276
2021-06-16 14:08:00+05:30,699.9500122070312,699.9500122070312,699.9000244140625,699.9000244140625,7
2021-06-16 14:09:00+05:30,699.9500122070312,699.9500122070312,699.9500122070312,699.9500122070312,28
2021-06-16 14:11:00+05:30,700.0,700.0,700.0,700.0,48
2021-06-16 14:12:00+05:30,700.0,700.0,700.0,700.0,55
2021-06-16 14:13:00+05:30,700.0,700.0,700.0,700.0,65
2021-06-16 14:14:00+05:30,700.0,700.0,700.0,700.0,719
2021-06-16 14:16:00+05:30,700.0,700.0,700.0,700.0,191
2021-06-16 14:17:00+05:30,699.75,700.0,699.75,700.0,0
2021-06-16 14:18:00+05:30,700.0,700.0,697.8499755859375,697.8499755859375,893
2021-06-16 14:19:00+05:30,697.8499755859375,697.8499755859375,697.8499755859375,697.8499755859375,0
2021-06-16 14:20:00+05:30,698.5499877929688,698.5499877929688,697.7999877929688,697.7999877929688,27
2021-06-16 14:21:00+05:30,698.0,698.0,698.0,698.0,6
2021-06-16 14:22:00+05:30,698.0,698.0,698.0,698.0,30
2021-06-16 14:23:00+05:30,698.75,698.75,698.75,698.75,139
2021-06-16 14:24:00+05:30,699.25,699.25,699.25,699.25,61
2021-06-16 14:25:00+05:30,699.9500122070312,699.9500122070312,699.7999877929688,699.7999877929688,84
2021-06-16 14:26:00+05:30,699.9500122070312,699.9500122070312,698.7999877929688,698.7999877929688,66
2021-06-16 14:28:00+05:30,699.7999877929688,699.9500122070312,699.7999877929688,699.9500122070312,92
2021-06-16 14:29:00+05:30,699.9000244140625,699.9000244140625,699.9000244140625,699.9000244140625,0
2021-06-16 14:30:00+05:30,699.9500122070312,700.0,699.7999877929688,700.0,1334
2021-06-16 14:33:00+05:30,699.0999755859375,699.0999755859375,699.0,699.0,244
2021-06-16 14:34:00+05:30,699.0,699.0,697.3499755859375,697.9000244140625,1090
2021-06-16 14:35:00+05:30,697.9000244140625,698.9000244140625,697.5,698.9000244140625,211
2021-06-16 14:36:00+05:30,698.75,698.9500122070312,698.0,698.9500122070312,26
2021-06-16 14:37:00+05:30,698.0,700.0,698.0,700.0,445
2021-06-16 14:38:00+05:30,697.2999877929688,697.2999877929688,697.2999877929688,697.2999877929688,257
2021-06-16 14:39:00+05:30,699.4000244140625,699.4000244140625,699.0499877929688,699.0499877929688,87
2021-06-16 14:40:00+05:30,699.0499877929688,699.0999755859375,699.0499877929688,699.0999755859375,40
2021-06-16 14:41:00+05:30,699.9000244140625,699.9000244140625,699.8499755859375,699.8499755859375,111
2021-06-16 14:42:00+05:30,699.4500122070312,699.4500122070312,699.4500122070312,699.4500122070312,43
2021-06-16 14:44:00+05:30,699.9000244140625,699.9500122070312,699.75,699.9500122070312,114
2021-06-16 14:45:00+05:30,700.0,700.0,700.0,700.0,501
2021-06-16 14:46:00+05:30,700.0,700.0,699.7000122070312,699.7000122070312,1046
2021-06-16 14:47:00+05:30,699.7000122070312,699.7000122070312,699.7000122070312,699.7000122070312,0
2021-06-16 14:48:00+05:30,700.0,700.0,699.7000122070312,700.0,643
2021-06-16 14:49:00+05:30,700.0,700.0,700.0,700.0,0
2021-06-16 14:50:00+05:30,699.5499877929688,700.0,699.5499877929688,700.0,0
2021-06-16 14:51:00+05:30,699.5499877929688,700.0,699.5499877929688,699.5499877929688,58
2021-06-16 14:52:00+05:30,699.0,699.2000122070312,699.0,699.2000122070312,110
2021-06-16 14:53:00+05:30,699.25,699.25,699.25,699.25,63
2021-06-16 14:54:00+05:30,697.5,698.7999877929688,697.5,698.7999877929688,835
2021-06-16 14:55:00+05:30,698.9000244140625,698.9000244140625,698.9000244140625,698.9000244140625,174
2021-06-16 14:56:00+05:30,699.0,699.0,699.0,699.0,127
2021-06-16 14:57:00+05:30,698.9000244140625,699.0,698.9000244140625,699.0,11
2021-06-16 14:58:00+05:30,699.0,699.0,698.9000244140625,698.9000244140625,28
2021-06-16 14:59:00+05:30,699.0,699.0,698.0,698.0,114
2021-06-16 15:00:00+05:30,698.0499877929688,698.0499877929688,698.0499877929688,698.0499877929688,217
2021-06-16 15:01:00+05:30,698.5,698.5,698.5,698.5,0
2021-06-16 15:02:00+05:30,698.0999755859375,698.2999877929688,698.0999755859375,698.2999877929688,42
2021-06-16 15:03:00+05:30,699.0,700.0,699.0,700.0,3549
2021-06-16 15:04:00+05:30,700.0,700.0,699.7999877929688,699.7999877929688,427
2021-06-16 15:05:00+05:30,699.7999877929688,699.7999877929688,699.7999877929688,699.7999877929688,10
2021-06-16 15:06:00+05:30,699.0999755859375,699.0999755859375,699.0999755859375,699.0999755859375,0
2021-06-16 15:07:00+05:30,699.0499877929688,699.0499877929688,699.0499877929688,699.0499877929688,526
2021-06-16 15:09:00+05:30,699.0,699.0,698.3499755859375,698.9000244140625,53
2021-06-16 15:10:00+05:30,699.0,699.0,698.0999755859375,698.0999755859375,372
2021-06-16 15:11:00+05:30,698.0999755859375,698.9500122070312,698.0999755859375,698.9500122070312,0
2021-06-16 15:12:00+05:30,698.0999755859375,699.0,698.0999755859375,699.0,297
2021-06-16 15:13:00+05:30,699.0,699.0,698.4000244140625,698.4000244140625,142
2021-06-16 15:14:00+05:30,698.7999877929688,698.8499755859375,698.0,698.5,586
2021-06-16 15:15:00+05:30,698.5,698.7000122070312,698.5,698.7000122070312,0
2021-06-16 15:16:00+05:30,698.7000122070312,698.9000244140625,698.7000122070312,698.9000244140625,520
2021-06-16 15:17:00+05:30,699.9000244140625,699.9000244140625,699.1500244140625,699.1500244140625,0
2021-06-16 15:18:00+05:30,698.9500122070312,698.9500122070312,698.9000244140625,698.9000244140625,302
2021-06-16 15:19:00+05:30,698.9000244140625,699.9500122070312,698.9000244140625,699.9500122070312,520
2021-06-16 15:20:00+05:30,699.5,699.5,699.0,699.0,240
2021-06-16 15:21:00+05:30,699.0,699.5999755859375,699.0,699.5999755859375,647
2021-06-16 15:22:00+05:30,699.5999755859375,700.0,699.0999755859375,700.0,702
2021-06-16 15:23:00+05:30,699.0999755859375,699.9500122070312,699.0999755859375,699.9500122070312,95
2021-06-16 15:24:00+05:30,699.9500122070312,700.0,699.9500122070312,700.0,397
2021-06-16 15:25:00+05:30,700.0,700.0,699.25,699.3499755859375,831
2021-06-16 15:26:00+05:30,699.5,699.5,699.3499755859375,699.3499755859375,103
2021-06-16 15:27:00+05:30,699.5,700.0,699.5,700.0,1398
2021-06-16 15:28:00+05:30,700.0,700.0,699.0,699.5,1154
2021-06-16 15:29:00+05:30,699.5,699.5,699.0,699.4500122070312,412
2021-06-18 09:15:00+05:30,680.1500244140625,682.7999877929688,680.1500244140625,681.6500244140625,2419
2021-06-18 09:16:00+05:30,681.3499755859375,683.5,681.3499755859375,681.5499877929688,941
2021-06-18 09:17:00+05:30,682.3499755859375,682.3499755859375,681.7999877929688,681.9500122070312,576
2021-06-18 09:18:00+05:30,681.9500122070312,683.0,681.9000244140625,682.2999877929688,350
2021-06-18 09:19:00+05:30,682.4500122070312,682.4500122070312,681.0,681.5499877929688,809
2021-06-18 09:20:00+05:30,681.0999755859375,681.0999755859375,680.0499877929688,680.0999755859375,675
2021-06-18 09:21:00+05:30,680.7999877929688,681.0,680.7000122070312,680.8499755859375,1004
2021-06-18 09:22:00+05:30,680.9500122070312,680.9500122070312,680.3499755859375,680.3499755859375,134
2021-06-18 09:23:00+05:30,680.3499755859375,683.75,680.3499755859375,683.3499755859375,988
2021-06-18 09:24:00+05:30,683.5,683.5,681.2000122070312,682.5,1114
2021-06-18 09:25:00+05:30,682.4000244140625,683.0,682.4000244140625,683.0,559
2021-06-18 09:26:00+05:30,683.0,683.9000244140625,682.5,682.5,1580
2021-06-18 09:27:00+05:30,683.0499877929688,683.3499755859375,683.0499877929688,683.25,359
2021-06-18 09:28:00+05:30,682.9500122070312,683.9500122070312,682.9500122070312,683.9500122070312,250
2021-06-18 09:29:00+05:30,683.2000122070312,683.25,683.2000122070312,683.2000122070312,726
2021-06-18 09:30:00+05:30,683.2000122070312,683.7000122070312,683.2000122070312,683.7000122070312,0
2021-06-18 09:31:00+05:30,687.75,687.75,687.75,687.75,854
2021-06-18 09:32:00+05:30,689.0,689.7000122070312,688.4000244140625,688.4000244140625,1438
2021-06-18 09:33:00+05:30,688.0,689.4500122070312,687.75,688.6500244140625,490
2021-06-18 09:34:00+05:30,689.0,689.0499877929688,688.0,688.0499877929688,718
2021-06-18 09:35:00+05:30,688.1500244140625,688.1500244140625,688.1500244140625,688.1500244140625,312
2021-06-18 09:36:00+05:30,688.1500244140625,688.1500244140625,684.1500244140625,685.4000244140625,727
2021-06-18 09:37:00+05:30,685.75,685.75,683.3499755859375,684.6500244140625,752
2021-06-18 09:38:00+05:30,683.0,686.4000244140625,682.9000244140625,686.4000244140625,715
2021-06-18 09:39:00+05:30,686.5,686.5,684.5,685.0,1618
2021-06-18 09:40:00+05:30,684.5499877929688,684.9500122070312,684.5499877929688,684.5999755859375,222
2021-06-18 09:41:00+05:30,684.5999755859375,684.9000244140625,684.5999755859375,684.9000244140625,150
2021-06-18 09:42:00+05:30,684.5999755859375,684.5999755859375,684.5999755859375,684.5999755859375,253
2021-06-18 09:43:00+05:30,684.5999755859375,684.5999755859375,680.9500122070312,680.9500122070312,3344
2021-06-18 09:44:00+05:30,680.0499877929688,680.9000244140625,680.0499877929688,680.9000244140625,12
2021-06-18 09:45:00+05:30,680.5,682.0,680.5,682.0,229
2021-06-18 09:46:00+05:30,680.7000122070312,681.4000244140625,680.7000122070312,681.4000244140625,33
2021-06-18 09:47:00+05:30,681.5,681.5,680.7000122070312,680.7000122070312,106
2021-06-18 09:48:00+05:30,680.75,681.5999755859375,680.7000122070312,680.8499755859375,629
2021-06-18 09:49:00+05:30,679.4500122070312,679.5,678.0,679.5,691
2021-06-18 09:50:00+05:30,678.6500244140625,679.4000244140625,678.6500244140625,679.4000244140625,136
2021-06-18 09:51:00+05:30,679.4000244140625,679.75,679.0,679.0,117
2021-06-18 09:52:00+05:30,678.7999877929688,679.5999755859375,678.7999877929688,679.5999755859375,60
2021-06-18 09:53:00+05:30,678.7999877929688,678.7999877929688,677.3499755859375,677.75,663
2021-06-18 09:54:00+05:30,677.8499755859375,677.8499755859375,676.5499877929688,677.75,49
2021-06-18 09:55:00+05:30,677.5,678.25,676.6500244140625,677.9000244140625,777
2021-06-18 09:56:00+05:30,677.9500122070312,679.5,676.8499755859375,676.8499755859375,1025
2021-06-18 09:57:00+05:30,678.0999755859375,678.1500244140625,675.75,677.5999755859375,915
2021-06-18 09:58:00+05:30,677.7000122070312,677.7000122070312,675.2000122070312,675.2000122070312,801
2021-06-18 09:59:00+05:30,675.0,675.0,673.6500244140625,674.25,325
2021-06-18 10:00:00+05:30,674.5999755859375,674.5999755859375,672.25,673.4000244140625,261
2021-06-18 10:01:00+05:30,673.25,673.5499877929688,672.5,673.1500244140625,297
2021-06-18 10:02:00+05:30,672.5499877929688,676.0,672.5499877929688,676.0,684
2021-06-18 10:03:00+05:30,676.0,679.7000122070312,676.0,679.7000122070312,510
2021-06-18 10:04:00+05:30,678.6500244140625,678.6500244140625,677.9000244140625,677.9000244140625,499
2021-06-18 10:05:00+05:30,679.3499755859375,685.0,679.3499755859375,681.3499755859375,965
2021-06-18 10:06:00+05:30,681.7000122070312,681.7000122070312,680.5,680.5,30
2021-06-18 10:07:00+05:30,680.0,680.0,677.7000122070312,678.6500244140625,149
2021-06-18 10:08:00+05:30,678.7000122070312,678.7000122070312,675.5,675.5,48
2021-06-18 10:09:00+05:30,676.75,677.0499877929688,676.25,676.25,35
2021-06-18 10:10:00+05:30,675.5999755859375,676.3499755859375,675.5999755859375,676.3499755859375,14
2021-06-18 10:11:00+05:30,676.9500122070312,676.9500122070312,675.4500122070312,675.4500122070312,110
2021-06-18 10:12:00+05:30,677.4500122070312,677.9000244140625,676.0499877929688,676.0499877929688,67
2021-06-18 10:13:00+05:30,676.0499877929688,676.7000122070312,675.4500122070312,676.7000122070312,3291
2021-06-18 10:14:00+05:30,676.7000122070312,677.0,676.7000122070312,676.7000122070312,0
2021-06-18 10:15:00+05:30,676.5999755859375,676.5999755859375,676.5,676.5999755859375,0
2021-06-18 10:16:00+05:30,676.8499755859375,676.8499755859375,675.75,676.5999755859375,112
2021-06-18 10:17:00+05:30,677.0,677.0,677.0,677.0,186
2021-06-18 10:18:00+05:30,676.0499877929688,676.0499877929688,676.0499877929688,676.0499877929688,0
2021-06-18 10:19:00+05:30,676.0,676.0,675.75,675.75,411
2021-06-18 10:20:00+05:30,675.7000122070312,676.2000122070312,675.7000122070312,676.2000122070312,0
2021-06-18 10:21:00+05:30,675.5999755859375,675.5999755859375,667.9500122070312,667.9500122070312,4171
2021-06-18 10:22:00+05:30,668.9000244140625,669.1500244140625,668.1500244140625,668.1500244140625,132
2021-06-18 10:23:00+05:30,670.0,670.0,669.5499877929688,669.6500244140625,458
2021-06-18 10:24:00+05:30,669.75,669.8499755859375,668.0,669.0999755859375,256
2021-06-18 10:25:00+05:30,668.2999877929688,669.4500122070312,668.2999877929688,669.0499877929688,184
2021-06-18 10:26:00+05:30,668.9500122070312,669.0,664.25,664.25,1323
2021-06-18 10:27:00+05:30,663.7000122070312,663.7000122070312,662.0,662.2999877929688,182
2021-06-18 10:28:00+05:30,664.1500244140625,664.4000244140625,663.9000244140625,663.9500122070312,421
2021-06-18 10:29:00+05:30,665.0,665.0,662.0,663.25,752
2021-06-18 10:30:00+05:30,663.2999877929688,663.5,661.4000244140625,661.4000244140625,257
2021-06-18 10:31:00+05:30,662.8499755859375,663.8499755859375,662.25,663.8499755859375,498
2021-06-18 10:32:00+05:30,662.9000244140625,664.75,662.2000122070312,664.75,361
2021-06-18 10:33:00+05:30,664.0,664.9000244140625,661.9500122070312,663.5,1124
2021-06-18 10:34:00+05:30,663.7999877929688,664.5999755859375,663.2999877929688,663.2999877929688,144
2021-06-18 10:35:00+05:30,664.7000122070312,664.8499755859375,664.7000122070312,664.8499755859375,168
2021-06-18 10:36:00+05:30,664.8499755859375,664.8499755859375,659.0499877929688,660.0,3847
2021-06-18 10:37:00+05:30,660.0,660.0,659.6500244140625,660.0,413
2021-06-18 10:38:00+05:30,660.0,660.0,659.6500244140625,660.0,523
2021-06-18 10:39:00+05:30,660.0,660.0,659.5,659.75,1006
2021-06-18 10:40:00+05:30,660.0,660.0,659.0999755859375,659.0999755859375,2392
2021-06-18 10:41:00+05:30,659.9500122070312,660.0,659.2000122070312,659.9500122070312,207
2021-06-18 10:42:00+05:30,659.9500122070312,660.0,659.9500122070312,660.0,1656
2021-06-18 10:43:00+05:30,660.0,660.0,660.0,660.0,0
2021-06-18 10:44:00+05:30,660.0,660.0,659.5,660.0,280
2021-06-18 10:45:00+05:30,660.0,660.0,656.0999755859375,656.0999755859375,839
2021-06-18 10:46:00+05:30,656.0,657.2000122070312,653.7000122070312,657.2000122070312,809
2021-06-18 10:47:00+05:30,657.0,657.7999877929688,655.4000244140625,656.0499877929688,330
2021-06-18 10:48:00+05:30,657.4000244140625,657.4500122070312,655.4000244140625,656.2999877929688,337
2021-06-18 10:49:00+05:30,655.4500122070312,656.0,654.2000122070312,655.5499877929688,729
2021-06-18 10:50:00+05:30,655.0499877929688,655.5999755859375,654.7999877929688,655.0,428
2021-06-18 10:51:00+05:30,655.0,655.0,654.2000122070312,654.2000122070312,346
2021-06-18 10:52:00+05:30,654.8499755859375,657.0999755859375,654.2999877929688,654.2999877929688,610
2021-06-18 10:53:00+05:30,654.6500244140625,654.7000122070312,654.0,654.7000122070312,543
2021-06-18 10:54:00+05:30,654.0,654.5,654.0,654.0,365
2021-06-18 10:55:00+05:30,652.3499755859375,652.9500122070312,650.0,651.5,1494
2021-06-18 10:56:00+05:30,651.6500244140625,652.7000122070312,651.6500244140625,652.7000122070312,81
2021-06-18 10:57:00+05:30,652.0499877929688,653.6500244140625,651.7000122070312,653.6500244140625,192
2021-06-18 10:58:00+05:30,654.5,657.0,654.0,655.0,1170
2021-06-18 10:59:00+05:30,655.0,656.75,654.0999755859375,656.75,189
2021-06-18 11:00:00+05:30,655.5999755859375,656.0499877929688,655.0,655.0,347
2021-06-18 11:01:00+05:30,655.0,655.7000122070312,652.0,654.0,1354
2021-06-18 11:02:00+05:30,654.0,654.25,654.0,654.25,67
2021-06-18 11:03:00+05:30,655.4000244140625,658.5,655.4000244140625,658.5,201
2021-06-18 11:04:00+05:30,658.5,658.5499877929688,657.0,657.9000244140625,236
2021-06-18 11:05:00+05:30,657.0,657.8499755859375,657.0,657.8499755859375,19
2021-06-18 11:06:00+05:30,656.4500122070312,657.5999755859375,655.9000244140625,655.9000244140625,1265
2021-06-18 11:07:00+05:30,655.4000244140625,657.7000122070312,655.4000244140625,657.7000122070312,140
2021-06-18 11:08:00+05:30,657.8499755859375,658.7000122070312,657.8499755859375,658.7000122070312,108
2021-06-18 11:09:00+05:30,658.75,658.75,658.1500244140625,658.1500244140625,43
2021-06-18 11:10:00+05:30,659.0999755859375,659.0999755859375,658.0,659.0,66
2021-06-18 11:11:00+05:30,658.9500122070312,659.2999877929688,658.75,659.2999877929688,507
2021-06-18 11:12:00+05:30,657.4500122070312,659.7000122070312,657.4500122070312,659.7000122070312,173
2021-06-18 11:13:00+05:30,659.9000244140625,659.9000244140625,657.8499755859375,659.2999877929688,74
2021-06-18 11:14:00+05:30,659.2999877929688,661.9500122070312,659.0,661.25,1114
2021-06-18 11:15:00+05:30,660.5,661.1500244140625,660.5,661.1500244140625,261
2021-06-18 11:16:00+05:30,660.3499755859375,661.1500244140625,660.3499755859375,661.1500244140625,157
2021-06-18 11:17:00+05:30,661.1500244140625,661.1500244140625,661.0,661.1500244140625,541
2021-06-18 11:18:00+05:30,661.9000244140625,662.5,661.9000244140625,662.5,339
2021-06-18 11:19:00+05:30,664.4500122070312,665.0,664.0,664.7000122070312,1239
2021-06-18 11:20:00+05:30,663.0499877929688,664.0,663.0,664.0,127
2021-06-18 11:21:00+05:30,664.0,664.0499877929688,664.0,664.0499877929688,169
2021-06-18 11:22:00+05:30,664.0,664.0,663.9500122070312,663.9500122070312,72
2021-06-18 11:23:00+05:30,664.9000244140625,664.9000244140625,663.5499877929688,664.9000244140625,498
2021-06-18 11:24:00+05:30,664.0,664.9000244140625,663.0,664.25,356
2021-06-18 11:25:00+05:30,663.5,663.5,663.0999755859375,663.0999755859375,31
2021-06-18 11:26:00+05:30,663.0,664.8499755859375,663.0,663.7000122070312,432
2021-06-18 11:27:00+05:30,664.9500122070312,664.9500122070312,663.0499877929688,663.0499877929688,67
2021-06-18 11:28:00+05:30,663.0,664.0,663.0,663.8499755859375,86
2021-06-18 11:29:00+05:30,663.0499877929688,663.8499755859375,663.0,663.8499755859375,9
2021-06-18 11:30:00+05:30,663.8499755859375,664.0,663.0999755859375,663.0999755859375,74
2021-06-18 11:31:00+05:30,663.1500244140625,663.1500244140625,663.1500244140625,663.1500244140625,17
2021-06-18 11:32:00+05:30,661.5999755859375,662.1500244140625,661.5999755859375,662.1500244140625,191
2021-06-18 11:33:00+05:30,662.2000122070312,662.2000122070312,662.2000122070312,662.2000122070312,27
2021-06-18 11:34:00+05:30,663.1500244140625,663.1500244140625,661.0,661.0,298
2021-06-18 11:35:00+05:30,662.0,662.0,662.0,662.0,0
2021-06-18 11:36:00+05:30,662.1500244140625,662.2000122070312,662.1500244140625,662.1500244140625,147
2021-06-18 11:37:00+05:30,662.7000122070312,662.7000122070312,662.7000122070312,662.7000122070312,0
2021-06-18 11:38:00+05:30,663.75,663.75,663.2000122070312,663.2000122070312,21
2021-06-18 11:39:00+05:30,663.0,663.6500244140625,663.0,663.6500244140625,310
2021-06-18 11:40:00+05:30,663.0,663.9000244140625,663.0,663.3499755859375,202
2021-06-18 11:41:00+05:30,663.9500122070312,664.2000122070312,663.9500122070312,664.2000122070312,111
2021-06-18 11:42:00+05:30,662.0,664.2000122070312,662.0,664.2000122070312,94
2021-06-18 11:43:00+05:30,663.8499755859375,664.75,663.5999755859375,664.75,187
2021-06-18 11:44:00+05:30,664.0499877929688,664.0499877929688,663.5499877929688,663.5499877929688,109
2021-06-18 11:45:00+05:30,664.7000122070312,664.7000122070312,663.8499755859375,663.9000244140625,281
2021-06-18 11:46:00+05:30,663.5,664.4500122070312,663.5,664.4000244140625,86
2021-06-18 11:47:00+05:30,664.4000244140625,664.4000244140625,664.4000244140625,664.4000244140625,186
2021-06-18 11:49:00+05:30,664.4500122070312,664.4500122070312,663.7000122070312,663.7000122070312,71
2021-06-18 11:51:00+05:30,664.9000244140625,664.9500122070312,664.9000244140625,664.9500122070312,92
2021-06-18 11:52:00+05:30,664.9500122070312,664.9500122070312,663.7000122070312,664.5,328
2021-06-18 11:53:00+05:30,664.7000122070312,664.9500122070312,664.7000122070312,664.9500122070312,121
2021-06-18 11:55:00+05:30,664.7000122070312,664.7000122070312,664.7000122070312,664.7000122070312,0
2021-06-18 11:56:00+05:30,664.2999877929688,664.2999877929688,661.5,661.5,2035
2021-06-18 11:57:00+05:30,663.4000244140625,663.4000244140625,663.4000244140625,663.4000244140625,25
2021-06-18 11:58:00+05:30,663.0499877929688,663.0499877929688,662.9500122070312,663.0,35
2021-06-18 11:59:00+05:30,663.0499877929688,663.0499877929688,663.0499877929688,663.0499877929688,246
2021-06-18 12:00:00+05:30,663.2999877929688,664.0,663.2999877929688,664.0,0
2021-06-18 12:01:00+05:30,663.5,664.0,663.2999877929688,664.0,86
2021-06-18 12:02:00+05:30,664.0,664.0,664.0,664.0,0
2021-06-18 12:03:00+05:30,664.0,664.0,664.0,664.0,29
2021-06-18 12:04:00+05:30,663.0499877929688,663.0499877929688,663.0,663.0,168
2021-06-18 12:05:00+05:30,664.0,665.0,664.0,665.0,1105
2021-06-18 12:06:00+05:30,665.0,665.0,664.0,664.0,122
2021-06-18 12:07:00+05:30,665.0,665.0,665.0,665.0,1179
2021-06-18 12:08:00+05:30,665.0,665.0,664.0,665.0,863
2021-06-18 12:09:00+05:30,665.0,665.0,665.0,665.0,676
2021-06-18 12:10:00+05:30,665.0,665.0,664.25,664.25,167
2021-06-18 12:12:00+05:30,664.9000244140625,664.9000244140625,664.9000244140625,664.9000244140625,7
2021-06-18 12:15:00+05:30,664.9000244140625,665.0,664.9000244140625,665.0,7
2021-06-18 12:17:00+05:30,665.0,665.0,665.0,665.0,14
2021-06-18 12:18:00+05:30,665.0,665.0,664.7000122070312,664.9500122070312,81
2021-06-18 12:19:00+05:30,664.5,664.9000244140625,664.5,664.9000244140625,0
2021-06-18 12:20:00+05:30,664.5,664.5,664.4500122070312,664.4500122070312,112
2021-06-18 12:21:00+05:30,664.4000244140625,664.4000244140625,664.4000244140625,664.4000244140625,15
2021-06-18 12:22:00+05:30,664.25,664.25,664.25,664.25,0
2021-06-18 12:23:00+05:30,664.25,664.25,664.1500244140625,664.1500244140625,764
2021-06-18 12:24:00+05:30,664.6500244140625,664.6500244140625,664.0499877929688,664.0499877929688,40
2021-06-18 12:25:00+05:30,664.0499877929688,664.5,664.0499877929688,664.5,61
2021-06-18 12:26:00+05:30,664.0,664.25,663.6500244140625,664.25,787
2021-06-18 12:27:00+05:30,665.0,665.0,664.3499755859375,665.0,509
2021-06-18 12:28:00+05:30,665.0,666.5999755859375,664.4500122070312,666.5999755859375,4266
2021-06-18 12:29:00+05:30,666.4000244140625,666.4000244140625,666.0,666.0,88
2021-06-18 12:30:00+05:30,666.0,666.0,666.0,666.0,4
2021-06-18 12:31:00+05:30,666.0,666.0,666.0,666.0,2316
2021-06-18 12:32:00+05:30,668.0499877929688,668.25,668.0499877929688,668.25,0
2021-06-18 12:33:00+05:30,668.25,668.25,668.25,668.25,350
2021-06-18 12:34:00+05:30,668.9000244140625,668.9000244140625,668.9000244140625,668.9000244140625,6
2021-06-18 12:35:00+05:30,668.2999877929688,668.2999877929688,668.2999877929688,668.2999877929688,182
2021-06-18 12:36:00+05:30,668.2999877929688,668.9000244140625,668.2999877929688,668.9000244140625,117
2021-06-18 12:37:00+05:30,669.0,669.0,668.9000244140625,669.0,0
2021-06-18 12:38:00+05:30,669.0,669.4500122070312,669.0,669.4500122070312,45
2021-06-18 12:39:00+05:30,669.6500244140625,669.7000122070312,669.5999755859375,669.5999755859375,124
2021-06-18 12:40:00+05:30,669.5999755859375,669.5999755859375,669.5999755859375,669.5999755859375,10
2021-06-18 12:41:00+05:30,669.5999755859375,669.5999755859375,669.5999755859375,669.5999755859375,0
2021-06-18 12:42:00+05:30,669.5499877929688,669.5499877929688,669.5499877929688,669.5499877929688,0
2021-06-18 12:43:00+05:30,670.1500244140625,670.1500244140625,669.0,669.0,884
2021-06-18 12:44:00+05:30,668.0,669.0,668.0,669.0,22
2021-06-18 12:45:00+05:30,669.0,669.0,668.0499877929688,668.0499877929688,135
2021-06-18 12:46:00+05:30,669.0,669.0,668.5,669.0,204
2021-06-18 12:47:00+05:30,669.0,669.0,668.9500122070312,668.9500122070312,69
2021-06-18 12:48:00+05:30,669.0,669.0,668.25,668.25,0
2021-06-18 12:49:00+05:30,668.1500244140625,669.0,668.1500244140625,669.0,2
2021-06-18 12:50:00+05:30,668.25,668.25,668.25,668.25,49
2021-06-18 12:52:00+05:30,668.2000122070312,668.2000122070312,668.2000122070312,668.2000122070312,0
2021-06-18 12:53:00+05:30,669.0,669.0,668.3499755859375,669.0,73
2021-06-18 12:54:00+05:30,668.9500122070312,668.9500122070312,668.4500122070312,668.4500122070312,24
2021-06-18 12:56:00+05:30,668.0999755859375,668.0999755859375,668.0499877929688,668.0499877929688,633
2021-06-18 12:57:00+05:30,668.3499755859375,668.3499755859375,668.0,668.0,294
2021-06-18 12:58:00+05:30,665.7999877929688,666.0,665.0,665.0,170
2021-06-18 12:59:00+05:30,663.5999755859375,663.5999755859375,663.5999755859375,663.5999755859375,419
2021-06-18 13:00:00+05:30,663.7999877929688,664.5499877929688,663.7999877929688,664.4500122070312,35
2021-06-18 13:01:00+05:30,663.6500244140625,664.3499755859375,663.6500244140625,664.3499755859375,194
2021-06-18 13:02:00+05:30,663.2999877929688,664.1500244140625,663.2999877929688,664.1500244140625,23
2021-06-18 13:03:00+05:30,664.0999755859375,664.0999755859375,664.0999755859375,664.0999755859375,127
2021-06-18 13:06:00+05:30,664.5,664.5,664.5,664.5,0
2021-06-18 13:07:00+05:30,664.8499755859375,664.8499755859375,664.8499755859375,664.8499755859375,4
2021-06-18 13:08:00+05:30,664.9500122070312,664.9500122070312,664.9500122070312,664.9500122070312,43
2021-06-18 13:09:00+05:30,664.9000244140625,664.9000244140625,664.9000244140625,664.9000244140625,22
2021-06-18 13:10:00+05:30,664.9500122070312,664.9500122070312,664.9500122070312,664.9500122070312,25
2021-06-18 13:11:00+05:30,664.9500122070312,664.9500122070312,664.9500122070312,664.9500122070312,61
2021-06-18 13:12:00+05:30,664.9500122070312,664.9500122070312,664.9500122070312,664.9500122070312,0
2021-06-18 13:13:00+05:30,664.2000122070312,664.2000122070312,664.2000122070312,664.2000122070312,7
2021-06-18 13:14:00+05:30,663.75,664.9500122070312,663.75,664.9500122070312,149
2021-06-18 13:15:00+05:30,665.0,667.2000122070312,665.0,667.2000122070312,354
2021-06-18 13:16:00+05:30,667.2000122070312,667.2000122070312,667.2000122070312,667.2000122070312,0
2021-06-18 13:17:00+05:30,667.25,667.25,667.25,667.25,8
2021-06-18 13:18:00+05:30,667.2999877929688,667.2999877929688,667.2999877929688,667.2999877929688,91
2021-06-18 13:19:00+05:30,667.2999877929688,667.2999877929688,667.2999877929688,667.2999877929688,0
2021-06-18 13:20:00+05:30,667.4500122070312,667.4500122070312,667.4500122070312,667.4500122070312,33
2021-06-18 13:21:00+05:30,667.0,667.0,667.0,667.0,19
2021-06-18 13:22:00+05:30,667.0,667.0,667.0,667.0,0
2021-06-18 13:23:00+05:30,667.0,667.5999755859375,667.0,667.5999755859375,66
2021-06-18 13:24:00+05:30,667.75,667.75,667.75,667.75,0
2021-06-18 13:25:00+05:30,667.75,667.75,667.75,667.75,24
2021-06-18 13:27:00+05:30,668.1500244140625,668.1500244140625,668.1500244140625,668.1500244140625,104
2021-06-18 13:28:00+05:30,668.4000244140625,668.4000244140625,667.0499877929688,667.0499877929688,29
2021-06-18 13:29:00+05:30,667.9000244140625,668.0,667.9000244140625,668.0,300
2021-06-18 13:30:00+05:30,667.0999755859375,668.2999877929688,667.0999755859375,668.2999877929688,51
2021-06-18 13:32:00+05:30,667.3499755859375,667.3499755859375,667.1500244140625,667.1500244140625,9
2021-06-18 13:33:00+05:30,668.0,668.0,668.0,668.0,5
2021-06-18 13:34:00+05:30,668.0,668.0,668.0,668.0,56
2021-06-18 13:35:00+05:30,667.5,667.5,667.0999755859375,667.0999755859375,25
2021-06-18 13:36:00+05:30,667.2000122070312,667.2000122070312,667.0,667.0,225
2021-06-18 13:37:00+05:30,667.9500122070312,667.9500122070312,667.9500122070312,667.9500122070312,0
2021-06-18 13:38:00+05:30,667.9500122070312,667.9500122070312,667.9500122070312,667.9500122070312,17
2021-06-18 13:39:00+05:30,668.0,668.0,668.0,668.0,611
2021-06-18 13:41:00+05:30,668.0,668.0,668.0,668.0,190
2021-06-18 13:43:00+05:30,668.0,668.0,668.0,668.0,0
2021-06-18 13:44:00+05:30,668.0,668.0,668.0,668.0,71
2021-06-18 13:45:00+05:30,668.0,668.0,667.5499877929688,667.5499877929688,166
2021-06-18 13:47:00+05:30,667.4500122070312,667.4500122070312,667.4500122070312,667.4500122070312,163
2021-06-18 13:48:00+05:30,667.4500122070312,667.5,667.4500122070312,667.5,88
2021-06-18 13:49:00+05:30,667.5,667.5,666.9000244140625,666.9000244140625,804
2021-06-18 13:50:00+05:30,667.1500244140625,667.1500244140625,667.1500244140625,667.1500244140625,47
2021-06-18 13:51:00+05:30,667.8499755859375,667.8499755859375,667.8499755859375,667.8499755859375,0
2021-06-18 13:52:00+05:30,667.7999877929688,668.2999877929688,667.7999877929688,668.2999877929688,80
2021-06-18 13:53:00+05:30,668.2999877929688,668.2999877929688,668.2999877929688,668.2999877929688,5
2021-06-18 13:54:00+05:30,668.25,668.25,667.9000244140625,668.2000122070312,58
2021-06-18 13:55:00+05:30,668.2000122070312,668.5999755859375,668.2000122070312,668.5999755859375,144
2021-06-18 13:56:00+05:30,668.5999755859375,668.5999755859375,668.5999755859375,668.5999755859375,42
2021-06-18 13:57:00+05:30,668.5999755859375,668.5999755859375,667.5999755859375,667.5999755859375,714
2021-06-18 13:58:00+05:30,667.7999877929688,668.5999755859375,667.7999877929688,668.4000244140625,106
2021-06-18 13:59:00+05:30,667.8499755859375,667.8499755859375,667.8499755859375,667.8499755859375,109
2021-06-18 14:01:00+05:30,667.9000244140625,668.5,667.9000244140625,668.5,229
2021-06-18 14:03:00+05:30,668.4500122070312,668.5,668.0999755859375,668.0999755859375,57
2021-06-18 14:04:00+05:30,668.7000122070312,668.7000122070312,668.0,668.0499877929688,156
2021-06-18 14:05:00+05:30,668.0499877929688,668.25,668.0499877929688,668.25,317
2021-06-18 14:06:00+05:30,668.7000122070312,668.7000122070312,668.6500244140625,668.6500244140625,2
2021-06-18 14:08:00+05:30,668.7000122070312,668.7000122070312,668.7000122070312,668.7000122070312,20
2021-06-18 14:10:00+05:30,668.25,669.0,668.25,669.0,97
2021-06-18 14:11:00+05:30,669.5,669.5,669.5,669.5,15
2021-06-18 14:12:00+05:30,670.5999755859375,671.25,670.0499877929688,670.2000122070312,470
2021-06-18 14:13:00+05:30,669.8499755859375,669.8499755859375,669.8499755859375,669.8499755859375,0
2021-06-18 14:14:00+05:30,669.1500244140625,669.9500122070312,669.1500244140625,669.9500122070312,133
2021-06-18 14:15:00+05:30,670.25,670.25,670.25,670.25,51
2021-06-18 14:16:00+05:30,670.3499755859375,670.9500122070312,669.9000244140625,670.9500122070312,30
2021-06-18 14:17:00+05:30,671.0,671.0,671.0,671.0,59
2021-06-18 14:18:00+05:30,671.9500122070312,671.9500122070312,671.0,671.0,178
2021-06-18 14:19:00+05:30,671.0,671.0,671.0,671.0,15
2021-06-18 14:20:00+05:30,671.9000244140625,671.9000244140625,671.5999755859375,671.7000122070312,173
2021-06-18 14:21:00+05:30,671.0499877929688,671.5999755859375,671.0499877929688,671.5999755859375,190
2021-06-18 14:22:00+05:30,671.5999755859375,672.0,671.0499877929688,672.0,1409
2021-06-18 14:23:00+05:30,671.7000122070312,671.75,671.7000122070312,671.75,268
2021-06-18 14:24:00+05:30,671.7000122070312,671.7000122070312,671.4500122070312,671.4500122070312,134
2021-06-18 14:25:00+05:30,671.0499877929688,672.5,671.0499877929688,671.9500122070312,108
2021-06-18 14:26:00+05:30,671.7999877929688,671.7999877929688,671.7999877929688,671.7999877929688,0
2021-06-18 14:27:00+05:30,671.7999877929688,672.0,671.7999877929688,671.7999877929688,153
2021-06-18 14:28:00+05:30,672.3499755859375,672.3499755859375,671.8499755859375,671.8499755859375,91
2021-06-18 14:29:00+05:30,672.6500244140625,673.2000122070312,672.6500244140625,673.2000122070312,255
2021-06-18 14:30:00+05:30,673.9500122070312,673.9500122070312,673.9500122070312,673.9500122070312,15
2021-06-18 14:32:00+05:30,673.2999877929688,673.2999877929688,673.25,673.25,306
2021-06-18 14:33:00+05:30,673.25,673.9500122070312,673.25,673.9500122070312,71
2021-06-18 14:34:00+05:30,673.25,673.2999877929688,673.25,673.2999877929688,257
2021-06-18 14:35:00+05:30,673.25,674.8499755859375,673.25,674.0,295
2021-06-18 14:36:00+05:30,674.0,674.8499755859375,674.0,674.8499755859375,2
2021-06-18 14:37:00+05:30,674.75,674.75,674.75,674.75,43
2021-06-18 14:38:00+05:30,674.75,674.9500122070312,674.75,674.9500122070312,0
2021-06-18 14:39:00+05:30,674.9500122070312,674.9500122070312,674.9500122070312,674.9500122070312,10
2021-06-18 14:40:00+05:30,674.9500122070312,674.9500122070312,674.2999877929688,674.5,150
2021-06-18 14:41:00+05:30,674.5,674.9000244140625,674.5,674.9000244140625,79
2021-06-18 14:42:00+05:30,674.5499877929688,674.5499877929688,674.5499877929688,674.5499877929688,1326
2021-06-18 14:43:00+05:30,673.25,673.25,673.25,673.25,0
2021-06-18 14:44:00+05:30,673.2999877929688,674.2000122070312,673.2999877929688,674.0999755859375,201
2021-06-18 14:45:00+05:30,674.0999755859375,674.8499755859375,674.0999755859375,674.8499755859375,0
2021-06-18 14:46:00+05:30,674.8499755859375,674.8499755859375,674.0999755859375,674.0999755859375,75
2021-06-18 14:47:00+05:30,674.5,674.5499877929688,674.5,674.5499877929688,36
2021-06-18 14:48:00+05:30,674.7999877929688,674.7999877929688,674.5,674.7999877929688,564
2021-06-18 14:49:00+05:30,674.9000244140625,675.0,674.75,674.9000244140625,612
2021-06-18 14:50:00+05:30,674.9000244140625,674.9500122070312,674.9000244140625,674.9500122070312,34
2021-06-18 14:51:00+05:30,674.9500122070312,675.0,674.7999877929688,675.0,256
2021-06-18 14:52:00+05:30,674.6500244140625,674.9500122070312,674.6500244140625,674.6500244140625,276
2021-06-18 14:53:00+05:30,674.9500122070312,674.9500122070312,674.9500122070312,674.9500122070312,18
2021-06-18 14:54:00+05:30,674.8499755859375,674.8499755859375,674.6500244140625,674.6500244140625,23
2021-06-18 14:55:00+05:30,674.6500244140625,675.0,674.6500244140625,675.0,102
2021-06-18 14:56:00+05:30,674.6500244140625,675.0,674.6500244140625,675.0,9
2021-06-18 14:57:00+05:30,675.0,675.0,674.6500244140625,675.0,256
2021-06-18 14:58:00+05:30,675.0,675.0,674.6500244140625,674.6500244140625,217
2021-06-18 14:59:00+05:30,674.6500244140625,674.6500244140625,674.1500244140625,674.1500244140625,235
2021-06-18 15:00:00+05:30,674.3499755859375,676.9500122070312,674.3499755859375,676.4000244140625,662
2021-06-18 15:01:00+05:30,676.5,676.5,675.6500244140625,675.6500244140625,266
2021-06-18 15:02:00+05:30,676.0,676.0,675.6500244140625,675.6500244140625,512
2021-06-18 15:03:00+05:30,675.6500244140625,675.9000244140625,675.1500244140625,675.1500244140625,218
2021-06-18 15:04:00+05:30,675.25,675.3499755859375,675.25,675.2999877929688,215
2021-06-18 15:05:00+05:30,675.2999877929688,675.2999877929688,675.2999877929688,675.2999877929688,0
2021-06-18 15:06:00+05:30,675.7999877929688,675.7999877929688,675.7999877929688,675.7999877929688,53
2021-06-18 15:07:00+05:30,675.9000244140625,676.0999755859375,675.9000244140625,676.0999755859375,10
2021-06-18 15:08:00+05:30,676.1500244140625,676.8499755859375,676.1500244140625,676.8499755859375,35
2021-06-18 15:09:00+05:30,677.0,678.7999877929688,677.0,678.7000122070312,318
2021-06-18 15:10:00+05:30,678.2999877929688,678.7999877929688,678.25,678.3499755859375,164
2021-06-18 15:11:00+05:30,678.3499755859375,678.9500122070312,678.3499755859375,678.9500122070312,176
2021-06-18 15:12:00+05:30,679.0,679.0,678.7999877929688,678.7999877929688,340
2021-06-18 15:13:00+05:30,679.0,679.1500244140625,678.5,678.7999877929688,252
2021-06-18 15:14:00+05:30,678.4000244140625,678.7999877929688,678.4000244140625,678.7999877929688,176
2021-06-18 15:15:00+05:30,679.7999877929688,679.7999877929688,678.5,678.8499755859375,298
2021-06-18 15:16:00+05:30,678.7999877929688,678.7999877929688,677.0499877929688,677.0499877929688,361
2021-06-18 15:17:00+05:30,677.0,677.8499755859375,676.1500244140625,676.1500244140625,500
2021-06-18 15:18:00+05:30,676.25,676.5,675.4500122070312,676.5,223
2021-06-18 15:19:00+05:30,677.0,677.8499755859375,675.3499755859375,677.2999877929688,320
2021-06-18 15:20:00+05:30,676.75,676.7999877929688,675.4000244140625,675.4000244140625,174
2021-06-18 15:21:00+05:30,675.9000244140625,675.9000244140625,675.5499877929688,675.5499877929688,28
2021-06-18 15:22:00+05:30,675.5499877929688,676.5,675.5,676.0,163
2021-06-18 15:23:00+05:30,675.0,676.0,675.0,676.0,1289
2021-06-18 15:24:00+05:30,677.0,678.0,676.0499877929688,676.0499877929688,508
2021-06-18 15:25:00+05:30,676.0,676.0,674.0,674.0,256
2021-06-18 15:26:00+05:30,674.0,674.25,674.0,674.0,186
2021-06-18 15:27:00+05:30,674.0499877929688,674.25,674.0499877929688,674.25,66
2021-06-18 15:28:00+05:30,674.0,680.0,674.0,675.1500244140625,409
2021-06-18 15:29:00+05:30,674.25,678.9500122070312,674.0,676.5999755859375,501
